3072  4
0 1 91 82
1 2 92 83
2 3 93 84
3 4 94 85
4 5 95 86
5 6 96 87
6 7 97 88
7 8 98 89
9 10 100 91
10 11 101 92
11 12 102 93
12 13 103 94
13 14 104 95
14 15 105 96
15 16 106 97
16 17 107 98
18 19 109 100
19 20 110 101
20 21 111 102
21 22 112 103
22 23 113 104
23 24 114 105
24 25 115 106
25 26 116 107
27 28 118 109
28 29 119 110
29 30 120 111
30 31 121 112
31 32 122 113
32 33 123 114
33 34 124 115
34 35 125 116
36 37 127 118
37 38 128 119
38 39 129 120
39 40 130 121
40 41 131 122
41 42 132 123
42 43 133 124
43 44 134 125
45 46 136 127
46 47 137 128
47 48 138 129
48 49 139 130
49 50 140 131
50 51 141 132
51 52 142 133
52 53 143 134
54 55 145 136
55 56 146 137
56 57 147 138
57 58 148 139
58 59 149 140
59 60 150 141
60 61 151 142
61 62 152 143
63 64 154 145
64 65 155 146
65 66 156 147
66 67 157 148
67 68 158 149
68 69 159 150
69 70 160 151
70 71 161 152
81 82 172 163
82 83 173 164
83 84 174 165
84 85 175 166
85 86 176 167
86 87 177 168
87 88 178 169
88 89 179 170
90 91 181 172
91 92 182 173
92 93 183 174
93 94 184 175
94 95 185 176
95 96 186 177
96 97 187 178
97 98 188 179
99 100 190 181
100 101 191 182
101 102 192 183
102 103 193 184
103 104 194 185
104 105 195 186
105 106 196 187
106 107 197 188
108 109 199 190
109 110 200 191
110 111 201 192
111 112 202 193
112 113 203 194
113 114 204 195
114 115 205 196
115 116 206 197
117 118 208 199
118 119 209 200
119 120 210 201
120 121 211 202
121 122 212 203
122 123 213 204
123 124 214 205
124 125 215 206
126 127 217 208
127 128 218 209
128 129 219 210
129 130 220 211
130 131 221 212
131 132 222 213
132 133 223 214
133 134 224 215
135 136 226 217
136 137 227 218
137 138 228 219
138 139 229 220
139 140 230 221
140 141 231 222
141 142 232 223
142 143 233 224
144 145 235 226
145 146 236 227
146 147 237 228
147 148 238 229
148 149 239 230
149 150 240 231
150 151 241 232
151 152 242 233
162 163 253 244
163 164 254 245
164 165 255 246
165 166 256 247
166 167 257 248
167 168 258 249
168 169 259 250
169 170 260 251
171 172 262 253
172 173 263 254
173 174 264 255
174 175 265 256
175 176 266 257
176 177 267 258
177 178 268 259
178 179 269 260
180 181 271 262
181 182 272 263
182 183 273 264
183 184 274 265
184 185 275 266
185 186 276 267
186 187 277 268
187 188 278 269
189 190 280 271
190 191 281 272
191 192 282 273
192 193 283 274
193 194 284 275
194 195 285 276
195 196 286 277
196 197 287 278
198 199 289 280
199 200 290 281
200 201 291 282
201 202 292 283
202 203 293 284
203 204 294 285
204 205 295 286
205 206 296 287
207 208 298 289
208 209 299 290
209 210 300 291
210 211 301 292
211 212 302 293
212 213 303 294
213 214 304 295
214 215 305 296
216 217 307 298
217 218 308 299
218 219 309 300
219 220 310 301
220 221 311 302
221 222 312 303
222 223 313 304
223 224 314 305
225 226 316 307
226 227 317 308
227 228 318 309
228 229 319 310
229 230 320 311
230 231 321 312
231 232 322 313
232 233 323 314
243 244 334 325
244 245 335 326
245 246 336 327
246 247 337 328
247 248 338 329
248 249 339 330
249 250 340 331
250 251 341 332
252 253 343 334
253 254 344 335
254 255 345 336
255 256 346 337
256 257 347 338
257 258 348 339
258 259 349 340
259 260 350 341
261 262 352 343
262 263 353 344
263 264 354 345
264 265 355 346
265 266 356 347
266 267 357 348
267 268 358 349
268 269 359 350
270 271 361 352
271 272 362 353
272 273 363 354
273 274 364 355
274 275 365 356
275 276 366 357
276 277 367 358
277 278 368 359
279 280 370 361
280 281 371 362
281 282 372 363
282 283 373 364
283 284 374 365
284 285 375 366
285 286 376 367
286 287 377 368
288 289 379 370
289 290 380 371
290 291 381 372
291 292 382 373
292 293 383 374
293 294 384 375
294 295 385 376
295 296 386 377
297 298 388 379
298 299 389 380
299 300 390 381
300 301 391 382
301 302 392 383
302 303 393 384
303 304 394 385
304 305 395 386
306 307 397 388
307 308 398 389
308 309 399 390
309 310 400 391
310 311 401 392
311 312 402 393
312 313 403 394
313 314 404 395
324 325 415 406
325 326 416 407
326 327 417 408
327 328 418 409
328 329 419 410
329 330 420 411
330 331 421 412
331 332 422 413
333 334 424 415
334 335 425 416
335 336 426 417
336 337 427 418
337 338 428 419
338 339 429 420
339 340 430 421
340 341 431 422
342 343 433 424
343 344 434 425
344 345 435 426
345 346 436 427
346 347 437 428
347 348 438 429
348 349 439 430
349 350 440 431
351 352 442 433
352 353 443 434
353 354 444 435
354 355 445 436
355 356 446 437
356 357 447 438
357 358 448 439
358 359 449 440
360 361 451 442
361 362 452 443
362 363 453 444
363 364 454 445
364 365 455 446
365 366 456 447
366 367 457 448
367 368 458 449
369 370 460 451
370 371 461 452
371 372 462 453
372 373 463 454
373 374 464 455
374 375 465 456
375 376 466 457
376 377 467 458
378 379 469 460
379 380 470 461
380 381 471 462
381 382 472 463
382 383 473 464
383 384 474 465
384 385 475 466
385 386 476 467
387 388 478 469
388 389 479 470
389 390 480 471
390 391 481 472
391 392 482 473
392 393 483 474
393 394 484 475
394 395 485 476
405 406 496 487
406 407 497 488
407 408 498 489
408 409 499 490
409 410 500 491
410 411 501 492
411 412 502 493
412 413 503 494
414 415 505 496
415 416 506 497
416 417 507 498
417 418 508 499
418 419 509 500
419 420 510 501
420 421 511 502
421 422 512 503
423 424 514 505
424 425 515 506
425 426 516 507
426 427 517 508
427 428 518 509
428 429 519 510
429 430 520 511
430 431 521 512
432 433 523 514
433 434 524 515
434 435 525 516
435 436 526 517
436 437 527 518
437 438 528 519
438 439 529 520
439 440 530 521
441 442 532 523
442 443 533 524
443 444 534 525
444 445 535 526
445 446 536 527
446 447 537 528
447 448 538 529
448 449 539 530
450 451 541 532
451 452 542 533
452 453 543 534
453 454 544 535
454 455 545 536
455 456 546 537
456 457 547 538
457 458 548 539
459 460 550 541
460 461 551 542
461 462 552 543
462 463 553 544
463 464 554 545
464 465 555 546
465 466 556 547
466 467 557 548
468 469 559 550
469 470 560 551
470 471 561 552
471 472 562 553
472 473 563 554
473 474 564 555
474 475 565 556
475 476 566 557
486 487 577 568
487 488 578 569
488 489 579 570
489 490 580 571
490 491 581 572
491 492 582 573
492 493 583 574
493 494 584 575
495 496 586 577
496 497 587 578
497 498 588 579
498 499 589 580
499 500 590 581
500 501 591 582
501 502 592 583
502 503 593 584
504 505 595 586
505 506 596 587
506 507 597 588
507 508 598 589
508 509 599 590
509 510 600 591
510 511 601 592
511 512 602 593
513 514 604 595
514 515 605 596
515 516 606 597
516 517 607 598
517 518 608 599
518 519 609 600
519 520 610 601
520 521 611 602
522 523 613 604
523 524 614 605
524 525 615 606
525 526 616 607
526 527 617 608
527 528 618 609
528 529 619 610
529 530 620 611
531 532 622 613
532 533 623 614
533 534 624 615
534 535 625 616
535 536 626 617
536 537 627 618
537 538 628 619
538 539 629 620
540 541 631 622
541 542 632 623
542 543 633 624
543 544 634 625
544 545 635 626
545 546 636 627
546 547 637 628
547 548 638 629
549 550 640 631
550 551 641 632
551 552 642 633
552 553 643 634
553 554 644 635
554 555 645 636
555 556 646 637
556 557 647 638
567 568 658 649
568 569 659 650
569 570 660 651
570 571 661 652
571 572 662 653
572 573 663 654
573 574 664 655
574 575 665 656
576 577 667 658
577 578 668 659
578 579 669 660
579 580 670 661
580 581 671 662
581 582 672 663
582 583 673 664
583 584 674 665
585 586 676 667
586 587 677 668
587 588 678 669
588 589 679 670
589 590 680 671
590 591 681 672
591 592 682 673
592 593 683 674
594 595 685 676
595 596 686 677
596 597 687 678
597 598 688 679
598 599 689 680
599 600 690 681
600 601 691 682
601 602 692 683
603 604 694 685
604 605 695 686
605 606 696 687
606 607 697 688
607 608 698 689
608 609 699 690
609 610 700 691
610 611 701 692
612 613 703 694
613 614 704 695
614 615 705 696
615 616 706 697
616 617 707 698
617 618 708 699
618 619 709 700
619 620 710 701
621 622 712 703
622 623 713 704
623 624 714 705
624 625 715 706
625 626 716 707
626 627 717 708
627 628 718 709
628 629 719 710
630 631 721 712
631 632 722 713
632 633 723 714
633 634 724 715
634 635 725 716
635 636 726 717
636 637 727 718
637 638 728 719
0 91 81 82
1 92 82 83
2 93 83 84
3 94 84 85
4 95 85 86
5 96 86 87
6 97 87 88
7 98 88 89
9 100 90 91
10 101 91 92
11 102 92 93
12 103 93 94
13 104 94 95
14 105 95 96
15 106 96 97
16 107 97 98
18 109 99 100
19 110 100 101
20 111 101 102
21 112 102 103
22 113 103 104
23 114 104 105
24 115 105 106
25 116 106 107
27 118 108 109
28 119 109 110
29 120 110 111
30 121 111 112
31 122 112 113
32 123 113 114
33 124 114 115
34 125 115 116
36 127 117 118
37 128 118 119
38 129 119 120
39 130 120 121
40 131 121 122
41 132 122 123
42 133 123 124
43 134 124 125
45 136 126 127
46 137 127 128
47 138 128 129
48 139 129 130
49 140 130 131
50 141 131 132
51 142 132 133
52 143 133 134
54 145 135 136
55 146 136 137
56 147 137 138
57 148 138 139
58 149 139 140
59 150 140 141
60 151 141 142
61 152 142 143
63 154 144 145
64 155 145 146
65 156 146 147
66 157 147 148
67 158 148 149
68 159 149 150
69 160 150 151
70 161 151 152
81 172 162 163
82 173 163 164
83 174 164 165
84 175 165 166
85 176 166 167
86 177 167 168
87 178 168 169
88 179 169 170
90 181 171 172
91 182 172 173
92 183 173 174
93 184 174 175
94 185 175 176
95 186 176 177
96 187 177 178
97 188 178 179
99 190 180 181
100 191 181 182
101 192 182 183
102 193 183 184
103 194 184 185
104 195 185 186
105 196 186 187
106 197 187 188
108 199 189 190
109 200 190 191
110 201 191 192
111 202 192 193
112 203 193 194
113 204 194 195
114 205 195 196
115 206 196 197
117 208 198 199
118 209 199 200
119 210 200 201
120 211 201 202
121 212 202 203
122 213 203 204
123 214 204 205
124 215 205 206
126 217 207 208
127 218 208 209
128 219 209 210
129 220 210 211
130 221 211 212
131 222 212 213
132 223 213 214
133 224 214 215
135 226 216 217
136 227 217 218
137 228 218 219
138 229 219 220
139 230 220 221
140 231 221 222
141 232 222 223
142 233 223 224
144 235 225 226
145 236 226 227
146 237 227 228
147 238 228 229
148 239 229 230
149 240 230 231
150 241 231 232
151 242 232 233
162 253 243 244
163 254 244 245
164 255 245 246
165 256 246 247
166 257 247 248
167 258 248 249
168 259 249 250
169 260 250 251
171 262 252 253
172 263 253 254
173 264 254 255
174 265 255 256
175 266 256 257
176 267 257 258
177 268 258 259
178 269 259 260
180 271 261 262
181 272 262 263
182 273 263 264
183 274 264 265
184 275 265 266
185 276 266 267
186 277 267 268
187 278 268 269
189 280 270 271
190 281 271 272
191 282 272 273
192 283 273 274
193 284 274 275
194 285 275 276
195 286 276 277
196 287 277 278
198 289 279 280
199 290 280 281
200 291 281 282
201 292 282 283
202 293 283 284
203 294 284 285
204 295 285 286
205 296 286 287
207 298 288 289
208 299 289 290
209 300 290 291
210 301 291 292
211 302 292 293
212 303 293 294
213 304 294 295
214 305 295 296
216 307 297 298
217 308 298 299
218 309 299 300
219 310 300 301
220 311 301 302
221 312 302 303
222 313 303 304
223 314 304 305
225 316 306 307
226 317 307 308
227 318 308 309
228 319 309 310
229 320 310 311
230 321 311 312
231 322 312 313
232 323 313 314
243 334 324 325
244 335 325 326
245 336 326 327
246 337 327 328
247 338 328 329
248 339 329 330
249 340 330 331
250 341 331 332
252 343 333 334
253 344 334 335
254 345 335 336
255 346 336 337
256 347 337 338
257 348 338 339
258 349 339 340
259 350 340 341
261 352 342 343
262 353 343 344
263 354 344 345
264 355 345 346
265 356 346 347
266 357 347 348
267 358 348 349
268 359 349 350
270 361 351 352
271 362 352 353
272 363 353 354
273 364 354 355
274 365 355 356
275 366 356 357
276 367 357 358
277 368 358 359
279 370 360 361
280 371 361 362
281 372 362 363
282 373 363 364
283 374 364 365
284 375 365 366
285 376 366 367
286 377 367 368
288 379 369 370
289 380 370 371
290 381 371 372
291 382 372 373
292 383 373 374
293 384 374 375
294 385 375 376
295 386 376 377
297 388 378 379
298 389 379 380
299 390 380 381
300 391 381 382
301 392 382 383
302 393 383 384
303 394 384 385
304 395 385 386
306 397 387 388
307 398 388 389
308 399 389 390
309 400 390 391
310 401 391 392
311 402 392 393
312 403 393 394
313 404 394 395
324 415 405 406
325 416 406 407
326 417 407 408
327 418 408 409
328 419 409 410
329 420 410 411
330 421 411 412
331 422 412 413
333 424 414 415
334 425 415 416
335 426 416 417
336 427 417 418
337 428 418 419
338 429 419 420
339 430 420 421
340 431 421 422
342 433 423 424
343 434 424 425
344 435 425 426
345 436 426 427
346 437 427 428
347 438 428 429
348 439 429 430
349 440 430 431
351 442 432 433
352 443 433 434
353 444 434 435
354 445 435 436
355 446 436 437
356 447 437 438
357 448 438 439
358 449 439 440
360 451 441 442
361 452 442 443
362 453 443 444
363 454 444 445
364 455 445 446
365 456 446 447
366 457 447 448
367 458 448 449
369 460 450 451
370 461 451 452
371 462 452 453
372 463 453 454
373 464 454 455
374 465 455 456
375 466 456 457
376 467 457 458
378 469 459 460
379 470 460 461
380 471 461 462
381 472 462 463
382 473 463 464
383 474 464 465
384 475 465 466
385 476 466 467
387 478 468 469
388 479 469 470
389 480 470 471
390 481 471 472
391 482 472 473
392 483 473 474
393 484 474 475
394 485 475 476
405 496 486 487
406 497 487 488
407 498 488 489
408 499 489 490
409 500 490 491
410 501 491 492
411 502 492 493
412 503 493 494
414 505 495 496
415 506 496 497
416 507 497 498
417 508 498 499
418 509 499 500
419 510 500 501
420 511 501 502
421 512 502 503
423 514 504 505
424 515 505 506
425 516 506 507
426 517 507 508
427 518 508 509
428 519 509 510
429 520 510 511
430 521 511 512
432 523 513 514
433 524 514 515
434 525 515 516
435 526 516 517
436 527 517 518
437 528 518 519
438 529 519 520
439 530 520 521
441 532 522 523
442 533 523 524
443 534 524 525
444 535 525 526
445 536 526 527
446 537 527 528
447 538 528 529
448 539 529 530
450 541 531 532
451 542 532 533
452 543 533 534
453 544 534 535
454 545 535 536
455 546 536 537
456 547 537 538
457 548 538 539
459 550 540 541
460 551 541 542
461 552 542 543
462 553 543 544
463 554 544 545
464 555 545 546
465 556 546 547
466 557 547 548
468 559 549 550
469 560 550 551
470 561 551 552
471 562 552 553
472 563 553 554
473 564 554 555
474 565 555 556
475 566 556 557
486 577 567 568
487 578 568 569
488 579 569 570
489 580 570 571
490 581 571 572
491 582 572 573
492 583 573 574
493 584 574 575
495 586 576 577
496 587 577 578
497 588 578 579
498 589 579 580
499 590 580 581
500 591 581 582
501 592 582 583
502 593 583 584
504 595 585 586
505 596 586 587
506 597 587 588
507 598 588 589
508 599 589 590
509 600 590 591
510 601 591 592
511 602 592 593
513 604 594 595
514 605 595 596
515 606 596 597
516 607 597 598
517 608 598 599
518 609 599 600
519 610 600 601
520 611 601 602
522 613 603 604
523 614 604 605
524 615 605 606
525 616 606 607
526 617 607 608
527 618 608 609
528 619 609 610
529 620 610 611
531 622 612 613
532 623 613 614
533 624 614 615
534 625 615 616
535 626 616 617
536 627 617 618
537 628 618 619
538 629 619 620
540 631 621 622
541 632 622 623
542 633 623 624
543 634 624 625
544 635 625 626
545 636 626 627
546 637 627 628
547 638 628 629
549 640 630 631
550 641 631 632
551 642 632 633
552 643 633 634
553 644 634 635
554 645 635 636
555 646 636 637
556 647 637 638
567 658 648 649
568 659 649 650
569 660 650 651
570 661 651 652
571 662 652 653
572 663 653 654
573 664 654 655
574 665 655 656
576 667 657 658
577 668 658 659
578 669 659 660
579 670 660 661
580 671 661 662
581 672 662 663
582 673 663 664
583 674 664 665
585 676 666 667
586 677 667 668
587 678 668 669
588 679 669 670
589 680 670 671
590 681 671 672
591 682 672 673
592 683 673 674
594 685 675 676
595 686 676 677
596 687 677 678
597 688 678 679
598 689 679 680
599 690 680 681
600 691 681 682
601 692 682 683
603 694 684 685
604 695 685 686
605 696 686 687
606 697 687 688
607 698 688 689
608 699 689 690
609 700 690 691
610 701 691 692
612 703 693 694
613 704 694 695
614 705 695 696
615 706 696 697
616 707 697 698
617 708 698 699
618 709 699 700
619 710 700 701
621 712 702 703
622 713 703 704
623 714 704 705
624 715 705 706
625 716 706 707
626 717 707 708
627 718 708 709
628 719 709 710
630 721 711 712
631 722 712 713
632 723 713 714
633 724 714 715
634 725 715 716
635 726 716 717
636 727 717 718
637 728 718 719
0 1 10 91
1 2 11 92
2 3 12 93
3 4 13 94
4 5 14 95
5 6 15 96
6 7 16 97
7 8 17 98
9 10 19 100
10 11 20 101
11 12 21 102
12 13 22 103
13 14 23 104
14 15 24 105
15 16 25 106
16 17 26 107
18 19 28 109
19 20 29 110
20 21 30 111
21 22 31 112
22 23 32 113
23 24 33 114
24 25 34 115
25 26 35 116
27 28 37 118
28 29 38 119
29 30 39 120
30 31 40 121
31 32 41 122
32 33 42 123
33 34 43 124
34 35 44 125
36 37 46 127
37 38 47 128
38 39 48 129
39 40 49 130
40 41 50 131
41 42 51 132
42 43 52 133
43 44 53 134
45 46 55 136
46 47 56 137
47 48 57 138
48 49 58 139
49 50 59 140
50 51 60 141
51 52 61 142
52 53 62 143
54 55 64 145
55 56 65 146
56 57 66 147
57 58 67 148
58 59 68 149
59 60 69 150
60 61 70 151
61 62 71 152
63 64 73 154
64 65 74 155
65 66 75 156
66 67 76 157
67 68 77 158
68 69 78 159
69 70 79 160
70 71 80 161
81 82 91 172
82 83 92 173
83 84 93 174
84 85 94 175
85 86 95 176
86 87 96 177
87 88 97 178
88 89 98 179
90 91 100 181
91 92 101 182
92 93 102 183
93 94 103 184
94 95 104 185
95 96 105 186
96 97 106 187
97 98 107 188
99 100 109 190
100 101 110 191
101 102 111 192
102 103 112 193
103 104 113 194
104 105 114 195
105 106 115 196
106 107 116 197
108 109 118 199
109 110 119 200
110 111 120 201
111 112 121 202
112 113 122 203
113 114 123 204
114 115 124 205
115 116 125 206
117 118 127 208
118 119 128 209
119 120 129 210
120 121 130 211
121 122 131 212
122 123 132 213
123 124 133 214
124 125 134 215
126 127 136 217
127 128 137 218
128 129 138 219
129 130 139 220
130 131 140 221
131 132 141 222
132 133 142 223
133 134 143 224
135 136 145 226
136 137 146 227
137 138 147 228
138 139 148 229
139 140 149 230
140 141 150 231
141 142 151 232
142 143 152 233
144 145 154 235
145 146 155 236
146 147 156 237
147 148 157 238
148 149 158 239
149 150 159 240
150 151 160 241
151 152 161 242
162 163 172 253
163 164 173 254
164 165 174 255
165 166 175 256
166 167 176 257
167 168 177 258
168 169 178 259
169 170 179 260
171 172 181 262
172 173 182 263
173 174 183 264
174 175 184 265
175 176 185 266
176 177 186 267
177 178 187 268
178 179 188 269
180 181 190 271
181 182 191 272
182 183 192 273
183 184 193 274
184 185 194 275
185 186 195 276
186 187 196 277
187 188 197 278
189 190 199 280
190 191 200 281
191 192 201 282
192 193 202 283
193 194 203 284
194 195 204 285
195 196 205 286
196 197 206 287
198 199 208 289
199 200 209 290
200 201 210 291
201 202 211 292
202 203 212 293
203 204 213 294
204 205 214 295
205 206 215 296
207 208 217 298
208 209 218 299
209 210 219 300
210 211 220 301
211 212 221 302
212 213 222 303
213 214 223 304
214 215 224 305
216 217 226 307
217 218 227 308
218 219 228 309
219 220 229 310
220 221 230 311
221 222 231 312
222 223 232 313
223 224 233 314
225 226 235 316
226 227 236 317
227 228 237 318
228 229 238 319
229 230 239 320
230 231 240 321
231 232 241 322
232 233 242 323
243 244 253 334
244 245 254 335
245 246 255 336
246 247 256 337
247 248 257 338
248 249 258 339
249 250 259 340
250 251 260 341
252 253 262 343
253 254 263 344
254 255 264 345
255 256 265 346
256 257 266 347
257 258 267 348
258 259 268 349
259 260 269 350
261 262 271 352
262 263 272 353
263 264 273 354
264 265 274 355
265 266 275 356
266 267 276 357
267 268 277 358
268 269 278 359
270 271 280 361
271 272 281 362
272 273 282 363
273 274 283 364
274 275 284 365
275 276 285 366
276 277 286 367
277 278 287 368
279 280 289 370
280 281 290 371
281 282 291 372
282 283 292 373
283 284 293 374
284 285 294 375
285 286 295 376
286 287 296 377
288 289 298 379
289 290 299 380
290 291 300 381
291 292 301 382
292 293 302 383
293 294 303 384
294 295 304 385
295 296 305 386
297 298 307 388
298 299 308 389
299 300 309 390
300 301 310 391
301 302 311 392
302 303 312 393
303 304 313 394
304 305 314 395
306 307 316 397
307 308 317 398
308 309 318 399
309 310 319 400
310 311 320 401
311 312 321 402
312 313 322 403
313 314 323 404
324 325 334 415
325 326 335 416
326 327 336 417
327 328 337 418
328 329 338 419
329 330 339 420
330 331 340 421
331 332 341 422
333 334 343 424
334 335 344 425
335 336 345 426
336 337 346 427
337 338 347 428
338 339 348 429
339 340 349 430
340 341 350 431
342 343 352 433
343 344 353 434
344 345 354 435
345 346 355 436
346 347 356 437
347 348 357 438
348 349 358 439
349 350 359 440
351 352 361 442
352 353 362 443
353 354 363 444
354 355 364 445
355 356 365 446
356 357 366 447
357 358 367 448
358 359 368 449
360 361 370 451
361 362 371 452
362 363 372 453
363 364 373 454
364 365 374 455
365 366 375 456
366 367 376 457
367 368 377 458
369 370 379 460
370 371 380 461
371 372 381 462
372 373 382 463
373 374 383 464
374 375 384 465
375 376 385 466
376 377 386 467
378 379 388 469
379 380 389 470
380 381 390 471
381 382 391 472
382 383 392 473
383 384 393 474
384 385 394 475
385 386 395 476
387 388 397 478
388 389 398 479
389 390 399 480
390 391 400 481
391 392 401 482
392 393 402 483
393 394 403 484
394 395 404 485
405 406 415 496
406 407 416 497
407 408 417 498
408 409 418 499
409 410 419 500
410 411 420 501
411 412 421 502
412 413 422 503
414 415 424 505
415 416 425 506
416 417 426 507
417 418 427 508
418 419 428 509
419 420 429 510
420 421 430 511
421 422 431 512
423 424 433 514
424 425 434 515
425 426 435 516
426 427 436 517
427 428 437 518
428 429 438 519
429 430 439 520
430 431 440 521
432 433 442 523
433 434 443 524
434 435 444 525
435 436 445 526
436 437 446 527
437 438 447 528
438 439 448 529
439 440 449 530
441 442 451 532
442 443 452 533
443 444 453 534
444 445 454 535
445 446 455 536
446 447 456 537
447 448 457 538
448 449 458 539
450 451 460 541
451 452 461 542
452 453 462 543
453 454 463 544
454 455 464 545
455 456 465 546
456 457 466 547
457 458 467 548
459 460 469 550
460 461 470 551
461 462 471 552
462 463 472 553
463 464 473 554
464 465 474 555
465 466 475 556
466 467 476 557
468 469 478 559
469 470 479 560
470 471 480 561
471 472 481 562
472 473 482 563
473 474 483 564
474 475 484 565
475 476 485 566
486 487 496 577
487 488 497 578
488 489 498 579
489 490 499 580
490 491 500 581
491 492 501 582
492 493 502 583
493 494 503 584
495 496 505 586
496 497 506 587
497 498 507 588
498 499 508 589
499 500 509 590
500 501 510 591
501 502 511 592
502 503 512 593
504 505 514 595
505 506 515 596
506 507 516 597
507 508 517 598
508 509 518 599
509 510 519 600
510 511 520 601
511 512 521 602
513 514 523 604
514 515 524 605
515 516 525 606
516 517 526 607
517 518 527 608
518 519 528 609
519 520 529 610
520 521 530 611
522 523 532 613
523 524 533 614
524 525 534 615
525 526 535 616
526 527 536 617
527 528 537 618
528 529 538 619
529 530 539 620
531 532 541 622
532 533 542 623
533 534 543 624
534 535 544 625
535 536 545 626
536 537 546 627
537 538 547 628
538 539 548 629
540 541 550 631
541 542 551 632
542 543 552 633
543 544 553 634
544 545 554 635
545 546 555 636
546 547 556 637
547 548 557 638
549 550 559 640
550 551 560 641
551 552 561 642
552 553 562 643
553 554 563 644
554 555 564 645
555 556 565 646
556 557 566 647
567 568 577 658
568 569 578 659
569 570 579 660
570 571 580 661
571 572 581 662
572 573 582 663
573 574 583 664
574 575 584 665
576 577 586 667
577 578 587 668
578 579 588 669
579 580 589 670
580 581 590 671
581 582 591 672
582 583 592 673
583 584 593 674
585 586 595 676
586 587 596 677
587 588 597 678
588 589 598 679
589 590 599 680
590 591 600 681
591 592 601 682
592 593 602 683
594 595 604 685
595 596 605 686
596 597 606 687
597 598 607 688
598 599 608 689
599 600 609 690
600 601 610 691
601 602 611 692
603 604 613 694
604 605 614 695
605 606 615 696
606 607 616 697
607 608 617 698
608 609 618 699
609 610 619 700
610 611 620 701
612 613 622 703
613 614 623 704
614 615 624 705
615 616 625 706
616 617 626 707
617 618 627 708
618 619 628 709
619 620 629 710
621 622 631 712
622 623 632 713
623 624 633 714
624 625 634 715
625 626 635 716
626 627 636 717
627 628 637 718
628 629 638 719
630 631 640 721
631 632 641 722
632 633 642 723
633 634 643 724
634 635 644 725
635 636 645 726
636 637 646 727
637 638 647 728
0 10 9 91
1 11 10 92
2 12 11 93
3 13 12 94
4 14 13 95
5 15 14 96
6 16 15 97
7 17 16 98
9 19 18 100
10 20 19 101
11 21 20 102
12 22 21 103
13 23 22 104
14 24 23 105
15 25 24 106
16 26 25 107
18 28 27 109
19 29 28 110
20 30 29 111
21 31 30 112
22 32 31 113
23 33 32 114
24 34 33 115
25 35 34 116
27 37 36 118
28 38 37 119
29 39 38 120
30 40 39 121
31 41 40 122
32 42 41 123
33 43 42 124
34 44 43 125
36 46 45 127
37 47 46 128
38 48 47 129
39 49 48 130
40 50 49 131
41 51 50 132
42 52 51 133
43 53 52 134
45 55 54 136
46 56 55 137
47 57 56 138
48 58 57 139
49 59 58 140
50 60 59 141
51 61 60 142
52 62 61 143
54 64 63 145
55 65 64 146
56 66 65 147
57 67 66 148
58 68 67 149
59 69 68 150
60 70 69 151
61 71 70 152
63 73 72 154
64 74 73 155
65 75 74 156
66 76 75 157
67 77 76 158
68 78 77 159
69 79 78 160
70 80 79 161
81 91 90 172
82 92 91 173
83 93 92 174
84 94 93 175
85 95 94 176
86 96 95 177
87 97 96 178
88 98 97 179
90 100 99 181
91 101 100 182
92 102 101 183
93 103 102 184
94 104 103 185
95 105 104 186
96 106 105 187
97 107 106 188
99 109 108 190
100 110 109 191
101 111 110 192
102 112 111 193
103 113 112 194
104 114 113 195
105 115 114 196
106 116 115 197
108 118 117 199
109 119 118 200
110 120 119 201
111 121 120 202
112 122 121 203
113 123 122 204
114 124 123 205
115 125 124 206
117 127 126 208
118 128 127 209
119 129 128 210
120 130 129 211
121 131 130 212
122 132 131 213
123 133 132 214
124 134 133 215
126 136 135 217
127 137 136 218
128 138 137 219
129 139 138 220
130 140 139 221
131 141 140 222
132 142 141 223
133 143 142 224
135 145 144 226
136 146 145 227
137 147 146 228
138 148 147 229
139 149 148 230
140 150 149 231
141 151 150 232
142 152 151 233
144 154 153 235
145 155 154 236
146 156 155 237
147 157 156 238
148 158 157 239
149 159 158 240
150 160 159 241
151 161 160 242
162 172 171 253
163 173 172 254
164 174 173 255
165 175 174 256
166 176 175 257
167 177 176 258
168 178 177 259
169 179 178 260
171 181 180 262
172 182 181 263
173 183 182 264
174 184 183 265
175 185 184 266
176 186 185 267
177 187 186 268
178 188 187 269
180 190 189 271
181 191 190 272
182 192 191 273
183 193 192 274
184 194 193 275
185 195 194 276
186 196 195 277
187 197 196 278
189 199 198 280
190 200 199 281
191 201 200 282
192 202 201 283
193 203 202 284
194 204 203 285
195 205 204 286
196 206 205 287
198 208 207 289
199 209 208 290
200 210 209 291
201 211 210 292
202 212 211 293
203 213 212 294
204 214 213 295
205 215 214 296
207 217 216 298
208 218 217 299
209 219 218 300
210 220 219 301
211 221 220 302
212 222 221 303
213 223 222 304
214 224 223 305
216 226 225 307
217 227 226 308
218 228 227 309
219 229 228 310
220 230 229 311
221 231 230 312
222 232 231 313
223 233 232 314
225 235 234 316
226 236 235 317
227 237 236 318
228 238 237 319
229 239 238 320
230 240 239 321
231 241 240 322
232 242 241 323
243 253 252 334
244 254 253 335
245 255 254 336
246 256 255 337
247 257 256 338
248 258 257 339
249 259 258 340
250 260 259 341
252 262 261 343
253 263 262 344
254 264 263 345
255 265 264 346
256 266 265 347
257 267 266 348
258 268 267 349
259 269 268 350
261 271 270 352
262 272 271 353
263 273 272 354
264 274 273 355
265 275 274 356
266 276 275 357
267 277 276 358
268 278 277 359
270 280 279 361
271 281 280 362
272 282 281 363
273 283 282 364
274 284 283 365
275 285 284 366
276 286 285 367
277 287 286 368
279 289 288 370
280 290 289 371
281 291 290 372
282 292 291 373
283 293 292 374
284 294 293 375
285 295 294 376
286 296 295 377
288 298 297 379
289 299 298 380
290 300 299 381
291 301 300 382
292 302 301 383
293 303 302 384
294 304 303 385
295 305 304 386
297 307 306 388
298 308 307 389
299 309 308 390
300 310 309 391
301 311 310 392
302 312 311 393
303 313 312 394
304 314 313 395
306 316 315 397
307 317 316 398
308 318 317 399
309 319 318 400
310 320 319 401
311 321 320 402
312 322 321 403
313 323 322 404
324 334 333 415
325 335 334 416
326 336 335 417
327 337 336 418
328 338 337 419
329 339 338 420
330 340 339 421
331 341 340 422
333 343 342 424
334 344 343 425
335 345 344 426
336 346 345 427
337 347 346 428
338 348 347 429
339 349 348 430
340 350 349 431
342 352 351 433
343 353 352 434
344 354 353 435
345 355 354 436
346 356 355 437
347 357 356 438
348 358 357 439
349 359 358 440
351 361 360 442
352 362 361 443
353 363 362 444
354 364 363 445
355 365 364 446
356 366 365 447
357 367 366 448
358 368 367 449
360 370 369 451
361 371 370 452
362 372 371 453
363 373 372 454
364 374 373 455
365 375 374 456
366 376 375 457
367 377 376 458
369 379 378 460
370 380 379 461
371 381 380 462
372 382 381 463
373 383 382 464
374 384 383 465
375 385 384 466
376 386 385 467
378 388 387 469
379 389 388 470
380 390 389 471
381 391 390 472
382 392 391 473
383 393 392 474
384 394 393 475
385 395 394 476
387 397 396 478
388 398 397 479
389 399 398 480
390 400 399 481
391 401 400 482
392 402 401 483
393 403 402 484
394 404 403 485
405 415 414 496
406 416 415 497
407 417 416 498
408 418 417 499
409 419 418 500
410 420 419 501
411 421 420 502
412 422 421 503
414 424 423 505
415 425 424 506
416 426 425 507
417 427 426 508
418 428 427 509
419 429 428 510
420 430 429 511
421 431 430 512
423 433 432 514
424 434 433 515
425 435 434 516
426 436 435 517
427 437 436 518
428 438 437 519
429 439 438 520
430 440 439 521
432 442 441 523
433 443 442 524
434 444 443 525
435 445 444 526
436 446 445 527
437 447 446 528
438 448 447 529
439 449 448 530
441 451 450 532
442 452 451 533
443 453 452 534
444 454 453 535
445 455 454 536
446 456 455 537
447 457 456 538
448 458 457 539
450 460 459 541
451 461 460 542
452 462 461 543
453 463 462 544
454 464 463 545
455 465 464 546
456 466 465 547
457 467 466 548
459 469 468 550
460 470 469 551
461 471 470 552
462 472 471 553
463 473 472 554
464 474 473 555
465 475 474 556
466 476 475 557
468 478 477 559
469 479 478 560
470 480 479 561
471 481 480 562
472 482 481 563
473 483 482 564
474 484 483 565
475 485 484 566
486 496 495 577
487 497 496 578
488 498 497 579
489 499 498 580
490 500 499 581
491 501 500 582
492 502 501 583
493 503 502 584
495 505 504 586
496 506 505 587
497 507 506 588
498 508 507 589
499 509 508 590
500 510 509 591
501 511 510 592
502 512 511 593
504 514 513 595
505 515 514 596
506 516 515 597
507 517 516 598
508 518 517 599
509 519 518 600
510 520 519 601
511 521 520 602
513 523 522 604
514 524 523 605
515 525 524 606
516 526 525 607
517 527 526 608
518 528 527 609
519 529 528 610
520 530 529 611
522 532 531 613
523 533 532 614
524 534 533 615
525 535 534 616
526 536 535 617
527 537 536 618
528 538 537 619
529 539 538 620
531 541 540 622
532 542 541 623
533 543 542 624
534 544 543 625
535 545 544 626
536 546 545 627
537 547 546 628
538 548 547 629
540 550 549 631
541 551 550 632
542 552 551 633
543 553 552 634
544 554 553 635
545 555 554 636
546 556 555 637
547 557 556 638
549 559 558 640
550 560 559 641
551 561 560 642
552 562 561 643
553 563 562 644
554 564 563 645
555 565 564 646
556 566 565 647
567 577 576 658
568 578 577 659
569 579 578 660
570 580 579 661
571 581 580 662
572 582 581 663
573 583 582 664
574 584 583 665
576 586 585 667
577 587 586 668
578 588 587 669
579 589 588 670
580 590 589 671
581 591 590 672
582 592 591 673
583 593 592 674
585 595 594 676
586 596 595 677
587 597 596 678
588 598 597 679
589 599 598 680
590 600 599 681
591 601 600 682
592 602 601 683
594 604 603 685
595 605 604 686
596 606 605 687
597 607 606 688
598 608 607 689
599 609 608 690
600 610 609 691
601 611 610 692
603 613 612 694
604 614 613 695
605 615 614 696
606 616 615 697
607 617 616 698
608 618 617 699
609 619 618 700
610 620 619 701
612 622 621 703
613 623 622 704
614 624 623 705
615 625 624 706
616 626 625 707
617 627 626 708
618 628 627 709
619 629 628 710
621 631 630 712
622 632 631 713
623 633 632 714
624 634 633 715
625 635 634 716
626 636 635 717
627 637 636 718
628 638 637 719
630 640 639 721
631 641 640 722
632 642 641 723
633 643 642 724
634 644 643 725
635 645 644 726
636 646 645 727
637 647 646 728
0 90 81 91
1 91 82 92
2 92 83 93
3 93 84 94
4 94 85 95
5 95 86 96
6 96 87 97
7 97 88 98
9 99 90 100
10 100 91 101
11 101 92 102
12 102 93 103
13 103 94 104
14 104 95 105
15 105 96 106
16 106 97 107
18 108 99 109
19 109 100 110
20 110 101 111
21 111 102 112
22 112 103 113
23 113 104 114
24 114 105 115
25 115 106 116
27 117 108 118
28 118 109 119
29 119 110 120
30 120 111 121
31 121 112 122
32 122 113 123
33 123 114 124
34 124 115 125
36 126 117 127
37 127 118 128
38 128 119 129
39 129 120 130
40 130 121 131
41 131 122 132
42 132 123 133
43 133 124 134
45 135 126 136
46 136 127 137
47 137 128 138
48 138 129 139
49 139 130 140
50 140 131 141
51 141 132 142
52 142 133 143
54 144 135 145
55 145 136 146
56 146 137 147
57 147 138 148
58 148 139 149
59 149 140 150
60 150 141 151
61 151 142 152
63 153 144 154
64 154 145 155
65 155 146 156
66 156 147 157
67 157 148 158
68 158 149 159
69 159 150 160
70 160 151 161
81 171 162 172
82 172 163 173
83 173 164 174
84 174 165 175
85 175 166 176
86 176 167 177
87 177 168 178
88 178 169 179
90 180 171 181
91 181 172 182
92 182 173 183
93 183 174 184
94 184 175 185
95 185 176 186
96 186 177 187
97 187 178 188
99 189 180 190
100 190 181 191
101 191 182 192
102 192 183 193
103 193 184 194
104 194 185 195
105 195 186 196
106 196 187 197
108 198 189 199
109 199 190 200
110 200 191 201
111 201 192 202
112 202 193 203
113 203 194 204
114 204 195 205
115 205 196 206
117 207 198 208
118 208 199 209
119 209 200 210
120 210 201 211
121 211 202 212
122 212 203 213
123 213 204 214
124 214 205 215
126 216 207 217
127 217 208 218
128 218 209 219
129 219 210 220
130 220 211 221
131 221 212 222
132 222 213 223
133 223 214 224
135 225 216 226
136 226 217 227
137 227 218 228
138 228 219 229
139 229 220 230
140 230 221 231
141 231 222 232
142 232 223 233
144 234 225 235
145 235 226 236
146 236 227 237
147 237 228 238
148 238 229 239
149 239 230 240
150 240 231 241
151 241 232 242
162 252 243 253
163 253 244 254
164 254 245 255
165 255 246 256
166 256 247 257
167 257 248 258
168 258 249 259
169 259 250 260
171 261 252 262
172 262 253 263
173 263 254 264
174 264 255 265
175 265 256 266
176 266 257 267
177 267 258 268
178 268 259 269
180 270 261 271
181 271 262 272
182 272 263 273
183 273 264 274
184 274 265 275
185 275 266 276
186 276 267 277
187 277 268 278
189 279 270 280
190 280 271 281
191 281 272 282
192 282 273 283
193 283 274 284
194 284 275 285
195 285 276 286
196 286 277 287
198 288 279 289
199 289 280 290
200 290 281 291
201 291 282 292
202 292 283 293
203 293 284 294
204 294 285 295
205 295 286 296
207 297 288 298
208 298 289 299
209 299 290 300
210 300 291 301
211 301 292 302
212 302 293 303
213 303 294 304
214 304 295 305
216 306 297 307
217 307 298 308
218 308 299 309
219 309 300 310
220 310 301 311
221 311 302 312
222 312 303 313
223 313 304 314
225 315 306 316
226 316 307 317
227 317 308 318
228 318 309 319
229 319 310 320
230 320 311 321
231 321 312 322
232 322 313 323
243 333 324 334
244 334 325 335
245 335 326 336
246 336 327 337
247 337 328 338
248 338 329 339
249 339 330 340
250 340 331 341
252 342 333 343
253 343 334 344
254 344 335 345
255 345 336 346
256 346 337 347
257 347 338 348
258 348 339 349
259 349 340 350
261 351 342 352
262 352 343 353
263 353 344 354
264 354 345 355
265 355 346 356
266 356 347 357
267 357 348 358
268 358 349 359
270 360 351 361
271 361 352 362
272 362 353 363
273 363 354 364
274 364 355 365
275 365 356 366
276 366 357 367
277 367 358 368
279 369 360 370
280 370 361 371
281 371 362 372
282 372 363 373
283 373 364 374
284 374 365 375
285 375 366 376
286 376 367 377
288 378 369 379
289 379 370 380
290 380 371 381
291 381 372 382
292 382 373 383
293 383 374 384
294 384 375 385
295 385 376 386
297 387 378 388
298 388 379 389
299 389 380 390
300 390 381 391
301 391 382 392
302 392 383 393
303 393 384 394
304 394 385 395
306 396 387 397
307 397 388 398
308 398 389 399
309 399 390 400
310 400 391 401
311 401 392 402
312 402 393 403
313 403 394 404
324 414 405 415
325 415 406 416
326 416 407 417
327 417 408 418
328 418 409 419
329 419 410 420
330 420 411 421
331 421 412 422
333 423 414 424
334 424 415 425
335 425 416 426
336 426 417 427
337 427 418 428
338 428 419 429
339 429 420 430
340 430 421 431
342 432 423 433
343 433 424 434
344 434 425 435
345 435 426 436
346 436 427 437
347 437 428 438
348 438 429 439
349 439 430 440
351 441 432 442
352 442 433 443
353 443 434 444
354 444 435 445
355 445 436 446
356 446 437 447
357 447 438 448
358 448 439 449
360 450 441 451
361 451 442 452
362 452 443 453
363 453 444 454
364 454 445 455
365 455 446 456
366 456 447 457
367 457 448 458
369 459 450 460
370 460 451 461
371 461 452 462
372 462 453 463
373 463 454 464
374 464 455 465
375 465 456 466
376 466 457 467
378 468 459 469
379 469 460 470
380 470 461 471
381 471 462 472
382 472 463 473
383 473 464 474
384 474 465 475
385 475 466 476
387 477 468 478
388 478 469 479
389 479 470 480
390 480 471 481
391 481 472 482
392 482 473 483
393 483 474 484
394 484 475 485
405 495 486 496
406 496 487 497
407 497 488 498
408 498 489 499
409 499 490 500
410 500 491 501
411 501 492 502
412 502 493 503
414 504 495 505
415 505 496 506
416 506 497 507
417 507 498 508
418 508 499 509
419 509 500 510
420 510 501 511
421 511 502 512
423 513 504 514
424 514 505 515
425 515 506 516
426 516 507 517
427 517 508 518
428 518 509 519
429 519 510 520
430 520 511 521
432 522 513 523
433 523 514 524
434 524 515 525
435 525 516 526
436 526 517 527
437 527 518 528
438 528 519 529
439 529 520 530
441 531 522 532
442 532 523 533
443 533 524 534
444 534 525 535
445 535 526 536
446 536 527 537
447 537 528 538
448 538 529 539
450 540 531 541
451 541 532 542
452 542 533 543
453 543 534 544
454 544 535 545
455 545 536 546
456 546 537 547
457 547 538 548
459 549 540 550
460 550 541 551
461 551 542 552
462 552 543 553
463 553 544 554
464 554 545 555
465 555 546 556
466 556 547 557
468 558 549 559
469 559 550 560
470 560 551 561
471 561 552 562
472 562 553 563
473 563 554 564
474 564 555 565
475 565 556 566
486 576 567 577
487 577 568 578
488 578 569 579
489 579 570 580
490 580 571 581
491 581 572 582
492 582 573 583
493 583 574 584
495 585 576 586
496 586 577 587
497 587 578 588
498 588 579 589
499 589 580 590
500 590 581 591
501 591 582 592
502 592 583 593
504 594 585 595
505 595 586 596
506 596 587 597
507 597 588 598
508 598 589 599
509 599 590 600
510 600 591 601
511 601 592 602
513 603 594 604
514 604 595 605
515 605 596 606
516 606 597 607
517 607 598 608
518 608 599 609
519 609 600 610
520 610 601 611
522 612 603 613
523 613 604 614
524 614 605 615
525 615 606 616
526 616 607 617
527 617 608 618
528 618 609 619
529 619 610 620
531 621 612 622
532 622 613 623
533 623 614 624
534 624 615 625
535 625 616 626
536 626 617 627
537 627 618 628
538 628 619 629
540 630 621 631
541 631 622 632
542 632 623 633
543 633 624 634
544 634 625 635
545 635 626 636
546 636 627 637
547 637 628 638
549 639 630 640
550 640 631 641
551 641 632 642
552 642 633 643
553 643 634 644
554 644 635 645
555 645 636 646
556 646 637 647
567 657 648 658
568 658 649 659
569 659 650 660
570 660 651 661
571 661 652 662
572 662 653 663
573 663 654 664
574 664 655 665
576 666 657 667
577 667 658 668
578 668 659 669
579 669 660 670
580 670 661 671
581 671 662 672
582 672 663 673
583 673 664 674
585 675 666 676
586 676 667 677
587 677 668 678
588 678 669 679
589 679 670 680
590 680 671 681
591 681 672 682
592 682 673 683
594 684 675 685
595 685 676 686
596 686 677 687
597 687 678 688
598 688 679 689
599 689 680 690
600 690 681 691
601 691 682 692
603 693 684 694
604 694 685 695
605 695 686 696
606 696 687 697
607 697 688 698
608 698 689 699
609 699 690 700
610 700 691 701
612 702 693 703
613 703 694 704
614 704 695 705
615 705 696 706
616 706 697 707
617 707 698 708
618 708 699 709
619 709 700 710
621 711 702 712
622 712 703 713
623 713 704 714
624 714 705 715
625 715 706 716
626 716 707 717
627 717 708 718
628 718 709 719
630 720 711 721
631 721 712 722
632 722 713 723
633 723 714 724
634 724 715 725
635 725 716 726
636 726 717 727
637 727 718 728
0 9 90 91
1 10 91 92
2 11 92 93
3 12 93 94
4 13 94 95
5 14 95 96
6 15 96 97
7 16 97 98
9 18 99 100
10 19 100 101
11 20 101 102
12 21 102 103
13 22 103 104
14 23 104 105
15 24 105 106
16 25 106 107
18 27 108 109
19 28 109 110
20 29 110 111
21 30 111 112
22 31 112 113
23 32 113 114
24 33 114 115
25 34 115 116
27 36 117 118
28 37 118 119
29 38 119 120
30 39 120 121
31 40 121 122
32 41 122 123
33 42 123 124
34 43 124 125
36 45 126 127
37 46 127 128
38 47 128 129
39 48 129 130
40 49 130 131
41 50 131 132
42 51 132 133
43 52 133 134
45 54 135 136
46 55 136 137
47 56 137 138
48 57 138 139
49 58 139 140
50 59 140 141
51 60 141 142
52 61 142 143
54 63 144 145
55 64 145 146
56 65 146 147
57 66 147 148
58 67 148 149
59 68 149 150
60 69 150 151
61 70 151 152
63 72 153 154
64 73 154 155
65 74 155 156
66 75 156 157
67 76 157 158
68 77 158 159
69 78 159 160
70 79 160 161
81 90 171 172
82 91 172 173
83 92 173 174
84 93 174 175
85 94 175 176
86 95 176 177
87 96 177 178
88 97 178 179
90 99 180 181
91 100 181 182
92 101 182 183
93 102 183 184
94 103 184 185
95 104 185 186
96 105 186 187
97 106 187 188
99 108 189 190
100 109 190 191
101 110 191 192
102 111 192 193
103 112 193 194
104 113 194 195
105 114 195 196
106 115 196 197
108 117 198 199
109 118 199 200
110 119 200 201
111 120 201 202
112 121 202 203
113 122 203 204
114 123 204 205
115 124 205 206
117 126 207 208
118 127 208 209
119 128 209 210
120 129 210 211
121 130 211 212
122 131 212 213
123 132 213 214
124 133 214 215
126 135 216 217
127 136 217 218
128 137 218 219
129 138 219 220
130 139 220 221
131 140 221 222
132 141 222 223
133 142 223 224
135 144 225 226
136 145 226 227
137 146 227 228
138 147 228 229
139 148 229 230
140 149 230 231
141 150 231 232
142 151 232 233
144 153 234 235
145 154 235 236
146 155 236 237
147 156 237 238
148 157 238 239
149 158 239 240
150 159 240 241
151 160 241 242
162 171 252 253
163 172 253 254
164 173 254 255
165 174 255 256
166 175 256 257
167 176 257 258
168 177 258 259
169 178 259 260
171 180 261 262
172 181 262 263
173 182 263 264
174 183 264 265
175 184 265 266
176 185 266 267
177 186 267 268
178 187 268 269
180 189 270 271
181 190 271 272
182 191 272 273
183 192 273 274
184 193 274 275
185 194 275 276
186 195 276 277
187 196 277 278
189 198 279 280
190 199 280 281
191 200 281 282
192 201 282 283
193 202 283 284
194 203 284 285
195 204 285 286
196 205 286 287
198 207 288 289
199 208 289 290
200 209 290 291
201 210 291 292
202 211 292 293
203 212 293 294
204 213 294 295
205 214 295 296
207 216 297 298
208 217 298 299
209 218 299 300
210 219 300 301
211 220 301 302
212 221 302 303
213 222 303 304
214 223 304 305
216 225 306 307
217 226 307 308
218 227 308 309
219 228 309 310
220 229 310 311
221 230 311 312
222 231 312 313
223 232 313 314
225 234 315 316
226 235 316 317
227 236 317 318
228 237 318 319
229 238 319 320
230 239 320 321
231 240 321 322
232 241 322 323
243 252 333 334
244 253 334 335
245 254 335 336
246 255 336 337
247 256 337 338
248 257 338 339
249 258 339 340
250 259 340 341
252 261 342 343
253 262 343 344
254 263 344 345
255 264 345 346
256 265 346 347
257 266 347 348
258 267 348 349
259 268 349 350
261 270 351 352
262 271 352 353
263 272 353 354
264 273 354 355
265 274 355 356
266 275 356 357
267 276 357 358
268 277 358 359
270 279 360 361
271 280 361 362
272 281 362 363
273 282 363 364
274 283 364 365
275 284 365 366
276 285 366 367
277 286 367 368
279 288 369 370
280 289 370 371
281 290 371 372
282 291 372 373
283 292 373 374
284 293 374 375
285 294 375 376
286 295 376 377
288 297 378 379
289 298 379 380
290 299 380 381
291 300 381 382
292 301 382 383
293 302 383 384
294 303 384 385
295 304 385 386
297 306 387 388
298 307 388 389
299 308 389 390
300 309 390 391
301 310 391 392
302 311 392 393
303 312 393 394
304 313 394 395
306 315 396 397
307 316 397 398
308 317 398 399
309 318 399 400
310 319 400 401
311 320 401 402
312 321 402 403
313 322 403 404
324 333 414 415
325 334 415 416
326 335 416 417
327 336 417 418
328 337 418 419
329 338 419 420
330 339 420 421
331 340 421 422
333 342 423 424
334 343 424 425
335 344 425 426
336 345 426 427
337 346 427 428
338 347 428 429
339 348 429 430
340 349 430 431
342 351 432 433
343 352 433 434
344 353 434 435
345 354 435 436
346 355 436 437
347 356 437 438
348 357 438 439
349 358 439 440
351 360 441 442
352 361 442 443
353 362 443 444
354 363 444 445
355 364 445 446
356 365 446 447
357 366 447 448
358 367 448 449
360 369 450 451
361 370 451 452
362 371 452 453
363 372 453 454
364 373 454 455
365 374 455 456
366 375 456 457
367 376 457 458
369 378 459 460
370 379 460 461
371 380 461 462
372 381 462 463
373 382 463 464
374 383 464 465
375 384 465 466
376 385 466 467
378 387 468 469
379 388 469 470
380 389 470 471
381 390 471 472
382 391 472 473
383 392 473 474
384 393 474 475
385 394 475 476
387 396 477 478
388 397 478 479
389 398 479 480
390 399 480 481
391 400 481 482
392 401 482 483
393 402 483 484
394 403 484 485
405 414 495 496
406 415 496 497
407 416 497 498
408 417 498 499
409 418 499 500
410 419 500 501
411 420 501 502
412 421 502 503
414 423 504 505
415 424 505 506
416 425 506 507
417 426 507 508
418 427 508 509
419 428 509 510
420 429 510 511
421 430 511 512
423 432 513 514
424 433 514 515
425 434 515 516
426 435 516 517
427 436 517 518
428 437 518 519
429 438 519 520
430 439 520 521
432 441 522 523
433 442 523 524
434 443 524 525
435 444 525 526
436 445 526 527
437 446 527 528
438 447 528 529
439 448 529 530
441 450 531 532
442 451 532 533
443 452 533 534
444 453 534 535
445 454 535 536
446 455 536 537
447 456 537 538
448 457 538 539
450 459 540 541
451 460 541 542
452 461 542 543
453 462 543 544
454 463 544 545
455 464 545 546
456 465 546 547
457 466 547 548
459 468 549 550
460 469 550 551
461 470 551 552
462 471 552 553
463 472 553 554
464 473 554 555
465 474 555 556
466 475 556 557
468 477 558 559
469 478 559 560
470 479 560 561
471 480 561 562
472 481 562 563
473 482 563 564
474 483 564 565
475 484 565 566
486 495 576 577
487 496 577 578
488 497 578 579
489 498 579 580
490 499 580 581
491 500 581 582
492 501 582 583
493 502 583 584
495 504 585 586
496 505 586 587
497 506 587 588
498 507 588 589
499 508 589 590
500 509 590 591
501 510 591 592
502 511 592 593
504 513 594 595
505 514 595 596
506 515 596 597
507 516 597 598
508 517 598 599
509 518 599 600
510 519 600 601
511 520 601 602
513 522 603 604
514 523 604 605
515 524 605 606
516 525 606 607
517 526 607 608
518 527 608 609
519 528 609 610
520 529 610 611
522 531 612 613
523 532 613 614
524 533 614 615
525 534 615 616
526 535 616 617
527 536 617 618
528 537 618 619
529 538 619 620
531 540 621 622
532 541 622 623
533 542 623 624
534 543 624 625
535 544 625 626
536 545 626 627
537 546 627 628
538 547 628 629
540 549 630 631
541 550 631 632
542 551 632 633
543 552 633 634
544 553 634 635
545 554 635 636
546 555 636 637
547 556 637 638
549 558 639 640
550 559 640 641
551 560 641 642
552 561 642 643
553 562 643 644
554 563 644 645
555 564 645 646
556 565 646 647
567 576 657 658
568 577 658 659
569 578 659 660
570 579 660 661
571 580 661 662
572 581 662 663
573 582 663 664
574 583 664 665
576 585 666 667
577 586 667 668
578 587 668 669
579 588 669 670
580 589 670 671
581 590 671 672
582 591 672 673
583 592 673 674
585 594 675 676
586 595 676 677
587 596 677 678
588 597 678 679
589 598 679 680
590 599 680 681
591 600 681 682
592 601 682 683
594 603 684 685
595 604 685 686
596 605 686 687
597 606 687 688
598 607 688 689
599 608 689 690
600 609 690 691
601 610 691 692
603 612 693 694
604 613 694 695
605 614 695 696
606 615 696 697
607 616 697 698
608 617 698 699
609 618 699 700
610 619 700 701
612 621 702 703
613 622 703 704
614 623 704 705
615 624 705 706
616 625 706 707
617 626 707 708
618 627 708 709
619 628 709 710
621 630 711 712
622 631 712 713
623 632 713 714
624 633 714 715
625 634 715 716
626 635 716 717
627 636 717 718
628 637 718 719
630 639 720 721
631 640 721 722
632 641 722 723
633 642 723 724
634 643 724 725
635 644 725 726
636 645 726 727
637 646 727 728
