360
0.000000 0.200000 0.000000
0.000000 0.205000 0.000000
0.000000 0.210000 0.000000
0.000000 0.215000 0.000000
0.000000 0.220000 0.000000
0.000000 0.225000 0.000000
0.011111 0.200000 0.000000
0.011111 0.205000 0.000000
0.011111 0.210000 0.000000
0.011111 0.215000 0.000000
0.011111 0.220000 0.000000
0.011111 0.225000 0.000000
0.022222 0.200000 0.000000
0.022222 0.205000 0.000000
0.022222 0.210000 0.000000
0.022222 0.215000 0.000000
0.022222 0.220000 0.000000
0.022222 0.225000 0.000000
0.033333 0.200000 0.000000
0.033333 0.205000 0.000000
0.033333 0.210000 0.000000
0.033333 0.215000 0.000000
0.033333 0.220000 0.000000
0.033333 0.225000 0.000000
0.044444 0.200000 0.000000
0.044444 0.205000 0.000000
0.044444 0.210000 0.000000
0.044444 0.215000 0.000000
0.044444 0.220000 0.000000
0.044444 0.225000 0.000000
0.055556 0.200000 0.000000
0.055556 0.205000 0.000000
0.055556 0.210000 0.000000
0.055556 0.215000 0.000000
0.055556 0.220000 0.000000
0.055556 0.225000 0.000000
0.066667 0.200000 0.000000
0.066667 0.205000 0.000000
0.066667 0.210000 0.000000
0.066667 0.215000 0.000000
0.066667 0.220000 0.000000
0.066667 0.225000 0.000000
0.077778 0.200000 0.000000
0.077778 0.205000 0.000000
0.077778 0.210000 0.000000
0.077778 0.215000 0.000000
0.077778 0.220000 0.000000
0.077778 0.225000 0.000000
0.088889 0.200000 0.000000
0.088889 0.205000 0.000000
0.088889 0.210000 0.000000
0.088889 0.215000 0.000000
0.088889 0.220000 0.000000
0.088889 0.225000 0.000000
0.100000 0.200000 0.000000
0.100000 0.205000 0.000000
0.100000 0.210000 0.000000
0.100000 0.215000 0.000000
0.100000 0.220000 0.000000
0.100000 0.225000 0.000000
0.000000 0.200000 0.005000
0.000000 0.205000 0.005000
0.000000 0.210000 0.005000
0.000000 0.215000 0.005000
0.000000 0.220000 0.005000
0.000000 0.225000 0.005000
0.011111 0.200000 0.005000
0.011111 0.205000 0.005000
0.011111 0.210000 0.005000
0.011111 0.215000 0.005000
0.011111 0.220000 0.005000
0.011111 0.225000 0.005000
0.022222 0.200000 0.005000
0.022222 0.205000 0.005000
0.022222 0.210000 0.005000
0.022222 0.215000 0.005000
0.022222 0.220000 0.005000
0.022222 0.225000 0.005000
0.033333 0.200000 0.005000
0.033333 0.205000 0.005000
0.033333 0.210000 0.005000
0.033333 0.215000 0.005000
0.033333 0.220000 0.005000
0.033333 0.225000 0.005000
0.044444 0.200000 0.005000
0.044444 0.205000 0.005000
0.044444 0.210000 0.005000
0.044444 0.215000 0.005000
0.044444 0.220000 0.005000
0.044444 0.225000 0.005000
0.055556 0.200000 0.005000
0.055556 0.205000 0.005000
0.055556 0.210000 0.005000
0.055556 0.215000 0.005000
0.055556 0.220000 0.005000
0.055556 0.225000 0.005000
0.066667 0.200000 0.005000
0.066667 0.205000 0.005000
0.066667 0.210000 0.005000
0.066667 0.215000 0.005000
0.066667 0.220000 0.005000
0.066667 0.225000 0.005000
0.077778 0.200000 0.005000
0.077778 0.205000 0.005000
0.077778 0.210000 0.005000
0.077778 0.215000 0.005000
0.077778 0.220000 0.005000
0.077778 0.225000 0.005000
0.088889 0.200000 0.005000
0.088889 0.205000 0.005000
0.088889 0.210000 0.005000
0.088889 0.215000 0.005000
0.088889 0.220000 0.005000
0.088889 0.225000 0.005000
0.100000 0.200000 0.005000
0.100000 0.205000 0.005000
0.100000 0.210000 0.005000
0.100000 0.215000 0.005000
0.100000 0.220000 0.005000
0.100000 0.225000 0.005000
0.000000 0.200000 0.010000
0.000000 0.205000 0.010000
0.000000 0.210000 0.010000
0.000000 0.215000 0.010000
0.000000 0.220000 0.010000
0.000000 0.225000 0.010000
0.011111 0.200000 0.010000
0.011111 0.205000 0.010000
0.011111 0.210000 0.010000
0.011111 0.215000 0.010000
0.011111 0.220000 0.010000
0.011111 0.225000 0.010000
0.022222 0.200000 0.010000
0.022222 0.205000 0.010000
0.022222 0.210000 0.010000
0.022222 0.215000 0.010000
0.022222 0.220000 0.010000
0.022222 0.225000 0.010000
0.033333 0.200000 0.010000
0.033333 0.205000 0.010000
0.033333 0.210000 0.010000
0.033333 0.215000 0.010000
0.033333 0.220000 0.010000
0.033333 0.225000 0.010000
0.044444 0.200000 0.010000
0.044444 0.205000 0.010000
0.044444 0.210000 0.010000
0.044444 0.215000 0.010000
0.044444 0.220000 0.010000
0.044444 0.225000 0.010000
0.055556 0.200000 0.010000
0.055556 0.205000 0.010000
0.055556 0.210000 0.010000
0.055556 0.215000 0.010000
0.055556 0.220000 0.010000
0.055556 0.225000 0.010000
0.066667 0.200000 0.010000
0.066667 0.205000 0.010000
0.066667 0.210000 0.010000
0.066667 0.215000 0.010000
0.066667 0.220000 0.010000
0.066667 0.225000 0.010000
0.077778 0.200000 0.010000
0.077778 0.205000 0.010000
0.077778 0.210000 0.010000
0.077778 0.215000 0.010000
0.077778 0.220000 0.010000
0.077778 0.225000 0.010000
0.088889 0.200000 0.010000
0.088889 0.205000 0.010000
0.088889 0.210000 0.010000
0.088889 0.215000 0.010000
0.088889 0.220000 0.010000
0.088889 0.225000 0.010000
0.100000 0.200000 0.010000
0.100000 0.205000 0.010000
0.100000 0.210000 0.010000
0.100000 0.215000 0.010000
0.100000 0.220000 0.010000
0.100000 0.225000 0.010000
0.000000 0.200000 0.015000
0.000000 0.205000 0.015000
0.000000 0.210000 0.015000
0.000000 0.215000 0.015000
0.000000 0.220000 0.015000
0.000000 0.225000 0.015000
0.011111 0.200000 0.015000
0.011111 0.205000 0.015000
0.011111 0.210000 0.015000
0.011111 0.215000 0.015000
0.011111 0.220000 0.015000
0.011111 0.225000 0.015000
0.022222 0.200000 0.015000
0.022222 0.205000 0.015000
0.022222 0.210000 0.015000
0.022222 0.215000 0.015000
0.022222 0.220000 0.015000
0.022222 0.225000 0.015000
0.033333 0.200000 0.015000
0.033333 0.205000 0.015000
0.033333 0.210000 0.015000
0.033333 0.215000 0.015000
0.033333 0.220000 0.015000
0.033333 0.225000 0.015000
0.044444 0.200000 0.015000
0.044444 0.205000 0.015000
0.044444 0.210000 0.015000
0.044444 0.215000 0.015000
0.044444 0.220000 0.015000
0.044444 0.225000 0.015000
0.055556 0.200000 0.015000
0.055556 0.205000 0.015000
0.055556 0.210000 0.015000
0.055556 0.215000 0.015000
0.055556 0.220000 0.015000
0.055556 0.225000 0.015000
0.066667 0.200000 0.015000
0.066667 0.205000 0.015000
0.066667 0.210000 0.015000
0.066667 0.215000 0.015000
0.066667 0.220000 0.015000
0.066667 0.225000 0.015000
0.077778 0.200000 0.015000
0.077778 0.205000 0.015000
0.077778 0.210000 0.015000
0.077778 0.215000 0.015000
0.077778 0.220000 0.015000
0.077778 0.225000 0.015000
0.088889 0.200000 0.015000
0.088889 0.205000 0.015000
0.088889 0.210000 0.015000
0.088889 0.215000 0.015000
0.088889 0.220000 0.015000
0.088889 0.225000 0.015000
0.100000 0.200000 0.015000
0.100000 0.205000 0.015000
0.100000 0.210000 0.015000
0.100000 0.215000 0.015000
0.100000 0.220000 0.015000
0.100000 0.225000 0.015000
0.000000 0.200000 0.020000
0.000000 0.205000 0.020000
0.000000 0.210000 0.020000
0.000000 0.215000 0.020000
0.000000 0.220000 0.020000
0.000000 0.225000 0.020000
0.011111 0.200000 0.020000
0.011111 0.205000 0.020000
0.011111 0.210000 0.020000
0.011111 0.215000 0.020000
0.011111 0.220000 0.020000
0.011111 0.225000 0.020000
0.022222 0.200000 0.020000
0.022222 0.205000 0.020000
0.022222 0.210000 0.020000
0.022222 0.215000 0.020000
0.022222 0.220000 0.020000
0.022222 0.225000 0.020000
0.033333 0.200000 0.020000
0.033333 0.205000 0.020000
0.033333 0.210000 0.020000
0.033333 0.215000 0.020000
0.033333 0.220000 0.020000
0.033333 0.225000 0.020000
0.044444 0.200000 0.020000
0.044444 0.205000 0.020000
0.044444 0.210000 0.020000
0.044444 0.215000 0.020000
0.044444 0.220000 0.020000
0.044444 0.225000 0.020000
0.055556 0.200000 0.020000
0.055556 0.205000 0.020000
0.055556 0.210000 0.020000
0.055556 0.215000 0.020000
0.055556 0.220000 0.020000
0.055556 0.225000 0.020000
0.066667 0.200000 0.020000
0.066667 0.205000 0.020000
0.066667 0.210000 0.020000
0.066667 0.215000 0.020000
0.066667 0.220000 0.020000
0.066667 0.225000 0.020000
0.077778 0.200000 0.020000
0.077778 0.205000 0.020000
0.077778 0.210000 0.020000
0.077778 0.215000 0.020000
0.077778 0.220000 0.020000
0.077778 0.225000 0.020000
0.088889 0.200000 0.020000
0.088889 0.205000 0.020000
0.088889 0.210000 0.020000
0.088889 0.215000 0.020000
0.088889 0.220000 0.020000
0.088889 0.225000 0.020000
0.100000 0.200000 0.020000
0.100000 0.205000 0.020000
0.100000 0.210000 0.020000
0.100000 0.215000 0.020000
0.100000 0.220000 0.020000
0.100000 0.225000 0.020000
0.000000 0.200000 0.025000
0.000000 0.205000 0.025000
0.000000 0.210000 0.025000
0.000000 0.215000 0.025000
0.000000 0.220000 0.025000
0.000000 0.225000 0.025000
0.011111 0.200000 0.025000
0.011111 0.205000 0.025000
0.011111 0.210000 0.025000
0.011111 0.215000 0.025000
0.011111 0.220000 0.025000
0.011111 0.225000 0.025000
0.022222 0.200000 0.025000
0.022222 0.205000 0.025000
0.022222 0.210000 0.025000
0.022222 0.215000 0.025000
0.022222 0.220000 0.025000
0.022222 0.225000 0.025000
0.033333 0.200000 0.025000
0.033333 0.205000 0.025000
0.033333 0.210000 0.025000
0.033333 0.215000 0.025000
0.033333 0.220000 0.025000
0.033333 0.225000 0.025000
0.044444 0.200000 0.025000
0.044444 0.205000 0.025000
0.044444 0.210000 0.025000
0.044444 0.215000 0.025000
0.044444 0.220000 0.025000
0.044444 0.225000 0.025000
0.055556 0.200000 0.025000
0.055556 0.205000 0.025000
0.055556 0.210000 0.025000
0.055556 0.215000 0.025000
0.055556 0.220000 0.025000
0.055556 0.225000 0.025000
0.066667 0.200000 0.025000
0.066667 0.205000 0.025000
0.066667 0.210000 0.025000
0.066667 0.215000 0.025000
0.066667 0.220000 0.025000
0.066667 0.225000 0.025000
0.077778 0.200000 0.025000
0.077778 0.205000 0.025000
0.077778 0.210000 0.025000
0.077778 0.215000 0.025000
0.077778 0.220000 0.025000
0.077778 0.225000 0.025000
0.088889 0.200000 0.025000
0.088889 0.205000 0.025000
0.088889 0.210000 0.025000
0.088889 0.215000 0.025000
0.088889 0.220000 0.025000
0.088889 0.225000 0.025000
0.100000 0.200000 0.025000
0.100000 0.205000 0.025000
0.100000 0.210000 0.025000
0.100000 0.215000 0.025000
0.100000 0.220000 0.025000
0.100000 0.225000 0.025000
