3546
0 1 3
0 4 1
7 0 3
5 4 0
5 0 9
9 0 7
3 1 2
1 6 2
10 1 4
10 6 1
3 2 8
570 6 14
2 568 8
570 14 13
3 11 7
16 3 8
11 3 16
581 5 19
10 4 18
4 12 18
19 12 581
19 5 9
14 6 10
9 7 17
11 22 7
7 21 17
21 7 22
568 15 8
8 15 24
8 24 16
9 17 33
19 9 33
14 10 25
10 18 20
20 25 10
30 11 16
22 11 30
18 12 23
23 12 19
13 14 32
32 15 13
14 25 27
14 27 38
14 38 32
24 15 34
15 32 34
24 29 16
16 29 30
21 37 17
33 17 37
35 20 18
18 23 36
45 35 577
45 577 36
579 43 23
19 33 26
578 19 26
25 20 28
20 35 28
22 31 21
21 31 42
21 42 37
22 30 41
582 31 22
23 43 36
40 29 24
54 24 34
54 40 24
27 25 50
28 44 25
44 50 25
33 48 26
26 39 578
48 39 26
47 38 27
50 47 27
28 35 56
44 28 56
46 30 29
583 29 40
30 46 41
31 582 52
42 31 51
52 51 31
32 49 34
65 32 38
32 65 49
33 37 53
55 48 33
55 33 53
34 49 54
56 35 45
43 62 36
573 68 45
573 62 68
42 58 37
53 37 67
37 58 67
61 38 47
576 38 61
39 59 43
48 580 39
60 583 40
57 40 54
40 57 60
41 46 70
52 41 70
42 51 66
74 58 42
74 42 66
43 59 73
62 43 73
44 63 50
44 56 76
63 44 76
56 45 80
45 68 80
46 60 70
75 47 50
61 47 75
82 48 55
580 48 82
49 64 54
71 64 49
49 65 71
81 50 63
75 50 81
52 69 51
51 69 66
79 69 52
70 79 52
72 55 53
67 72 53
54 77 57
64 99 54
54 87 77
99 87 54
96 55 72
82 55 96
56 86 76
56 80 86
57 584 60
77 88 57
67 58 83
74 83 58
59 89 73
59 82 89
60 95 70
60 584 85
60 85 95
576 61 78
84 61 75
78 61 84
68 62 92
90 62 73
92 62 90
63 76 97
81 63 93
97 93 63
64 71 99
71 65 94
65 78 94
66 69 91
66 100 74
91 100 66
101 72 67
83 101 67
80 68 92
69 79 91
70 111 79
95 102 70
70 102 111
94 115 71
71 115 99
96 72 101
73 89 105
105 90 73
83 74 98
98 74 100
75 81 103
75 106 84
103 106 75
76 86 108
97 76 108
87 113 77
104 88 77
113 104 77
78 84 114
94 78 117
117 78 114
118 91 79
79 111 118
86 80 110
92 120 80
80 120 110
125 81 93
125 103 81
89 82 116
82 96 112
82 112 122
116 82 122
83 98 107
123 101 83
123 83 107
106 114 84
88 109 85
85 109 95
110 108 86
99 113 87
124 88 104
109 88 124
89 126 105
89 116 126
90 128 92
128 90 105
100 91 119
91 118 119
92 128 120
121 93 97
121 125 93
115 94 137
117 137 94
95 127 102
95 109 127
101 135 96
96 143 112
96 135 143
97 108 121
100 132 98
107 98 132
113 99 136
115 136 99
100 119 147
147 132 100
135 101 123
139 111 102
102 127 139
106 103 133
133 103 125
113 131 104
124 104 131
126 150 105
105 150 128
114 575 153
144 106 133
141 106 144
575 141 153
132 123 107
142 108 110
142 121 108
109 124 134
127 109 145
145 109 134
110 120 138
110 138 142
118 111 154
154 111 139
122 112 130
112 143 130
131 113 140
136 140 113
117 114 129
153 129 114
115 155 136
137 155 115
148 116 122
126 116 146
146 116 148
129 156 117
156 137 117
118 160 119
154 158 118
118 158 160
147 119 160
120 128 157
138 120 157
125 121 149
142 161 121
161 149 121
130 171 122
122 171 148
123 132 164
123 152 135
164 152 123
162 124 131
124 162 134
125 163 133
149 163 125
146 151 126
126 151 150
127 170 139
127 145 159
170 127 159
168 128 150
157 128 168
153 156 129
130 143 179
179 171 130
140 165 131
173 162 131
131 165 173
176 132 147
132 176 164
174 144 133
133 163 182
182 174 133
134 166 145
162 166 134
135 167 143
152 167 135
136 175 140
136 155 177
177 175 136
137 184 155
188 137 156
188 184 137
142 138 180
157 180 138
154 139 187
187 139 170
175 165 140
183 141 144
153 141 183
178 161 142
142 186 178
180 186 142
143 167 185
185 179 143
174 172 144
183 144 172
159 145 166
169 146 148
190 151 146
169 190 146
147 160 198
198 176 147
148 171 169
192 149 161
192 163 149
150 151 190
168 150 195
195 150 190
224 585 164
152 194 167
194 585 224
156 153 193
196 153 183
193 153 196
203 158 154
203 154 187
184 177 155
193 188 156
168 199 157
157 191 180
157 199 191
158 189 160
203 189 158
166 200 159
159 200 170
207 160 189
198 160 207
192 161 178
162 181 166
206 162 173
206 181 162
182 566 222
163 192 213
222 566 213
164 176 197
164 197 224
165 209 173
239 586 175
209 586 239
181 200 166
167 202 185
167 194 204
202 167 204
195 210 168
210 199 168
171 201 169
201 190 169
170 227 187
170 200 211
211 227 170
179 225 564
171 217 201
225 217 564
574 172 174
216 183 172
221 206 173
173 209 221
222 565 182
232 574 174
232 565 222
175 177 208
175 208 239
197 176 235
235 176 198
587 184 240
177 205 208
587 240 205
178 186 220
220 192 178
179 185 215
215 225 179
180 219 186
180 191 214
214 219 180
230 200 181
588 181 206
196 183 231
183 216 231
228 184 188
240 184 228
215 185 202
186 219 220
187 227 203
236 188 193
228 188 236
248 189 203
207 189 248
237 195 190
201 218 190
237 190 218
191 199 233
191 233 214
213 192 226
226 192 220
193 196 223
236 193 223
204 194 234
224 234 194
210 195 237
223 196 231
235 224 197
207 246 198
235 198 246
210 212 199
199 212 233
200 247 211
200 230 247
201 217 229
229 218 201
204 245 202
215 202 238
202 245 238
203 227 261
248 203 261
234 245 204
205 243 208
205 240 243
264 206 221
206 241 588
264 241 206
248 246 207
208 243 239
209 257 221
239 242 209
257 209 242
259 212 210
237 251 210
251 259 210
247 227 211
233 212 259
222 213 258
256 213 226
213 256 258
249 219 214
214 233 250
250 249 214
252 225 215
238 252 215
231 216 268
265 216 232
268 216 265
255 217 225
217 270 229
217 255 270
280 218 229
280 237 218
253 220 219
262 219 249
262 253 219
220 256 226
273 220 253
273 256 220
221 257 264
222 244 232
222 258 244
223 231 263
263 236 223
234 224 254
260 224 235
254 224 260
252 255 225
227 247 271
227 269 261
271 269 227
228 236 267
282 240 228
267 282 228
229 270 280
230 241 291
247 230 266
291 266 230
263 231 268
278 232 244
265 232 278
250 233 281
281 233 259
245 234 275
275 234 254
285 235 246
260 235 285
277 236 263
236 277 267
284 251 237
280 284 237
238 245 279
279 252 238
242 239 289
239 243 276
272 239 276
289 239 272
243 240 292
292 240 282
241 264 291
288 257 242
242 289 288
243 292 276
244 258 301
244 301 278
296 245 275
245 296 279
283 246 248
283 274 246
285 246 274
266 297 247
247 297 271
248 261 290
248 290 283
281 249 250
262 249 287
249 281 287
294 259 251
294 251 284
255 252 286
252 279 286
295 253 262
273 253 295
260 298 254
298 275 254
270 255 293
318 255 286
293 255 318
258 256 317
312 256 273
312 317 256
264 257 299
257 288 299
258 317 301
259 307 281
307 259 294
285 310 260
310 298 260
261 269 311
290 261 322
311 322 261
287 302 262
295 262 302
263 268 325
263 304 277
304 263 325
299 291 264
268 265 303
300 265 278
303 265 300
266 291 308
297 266 308
267 277 309
309 282 267
325 268 303
311 269 271
323 280 270
293 323 270
306 271 297
311 271 306
276 305 272
321 289 272
272 305 321
273 295 313
313 312 273
314 274 283
316 285 274
314 316 274
296 275 319
319 275 298
276 292 305
277 304 309
326 300 278
326 278 301
315 286 279
279 296 315
280 327 284
323 327 280
287 281 329
281 307 329
292 282 320
282 309 320
283 290 314
284 324 294
327 324 284
569 310 285
286 315 318
329 302 287
288 289 328
299 288 332
328 332 288
328 289 321
322 314 290
335 291 299
308 291 340
340 291 335
305 292 339
320 339 292
318 343 293
336 323 293
293 343 336
294 351 307
324 351 294
302 331 295
295 357 313
295 331 357
296 355 315
350 296 319
296 350 355
297 333 306
297 308 342
342 333 297
298 310 334
319 298 334
335 299 332
300 330 303
330 300 326
301 317 364
326 301 353
353 301 364
329 331 302
303 330 325
309 304 337
325 337 304
321 305 344
339 344 305
306 348 311
333 348 306
307 346 329
338 346 307
307 351 338
342 308 340
309 349 320
337 356 309
349 309 356
569 341 310
310 369 334
310 341 369
354 322 311
348 354 311
359 312 313
359 317 312
313 357 359
316 314 373
314 322 345
373 314 345
347 318 315
347 315 355
373 341 316
359 368 317
317 368 364
343 318 347
319 334 367
367 350 319
320 349 339
321 358 328
344 358 321
345 322 354
327 323 387
387 323 336
327 352 324
351 324 366
324 352 366
381 325 330
365 337 325
365 325 381
361 330 326
326 353 382
326 382 361
352 589 402
589 387 402
332 328 371
371 328 358
331 329 360
329 346 374
360 329 374
381 330 361
357 331 372
372 331 360
362 335 332
332 371 362
379 333 342
348 333 379
334 369 367
340 335 376
335 362 376
343 370 336
370 387 336
365 356 337
383 346 338
338 351 383
339 375 344
349 363 339
339 363 375
377 342 340
398 340 376
340 398 377
369 341 386
341 373 401
341 401 386
379 342 377
347 390 343
370 343 390
358 344 393
344 375 393
389 345 354
373 345 389
374 346 383
355 394 347
384 390 347
347 394 384
354 348 405
405 348 379
396 349 356
385 363 349
396 385 349
355 350 388
388 350 367
397 351 366
383 351 397
402 366 352
382 353 364
354 405 389
355 388 394
365 396 356
357 399 359
357 372 395
357 395 399
371 358 380
380 358 393
359 399 368
360 391 372
374 391 360
381 361 400
361 382 400
362 371 404
376 362 404
375 363 392
392 363 385
368 413 364
410 382 364
364 413 410
381 406 365
365 406 396
366 403 397
402 403 366
369 378 367
367 378 414
414 388 367
368 399 413
418 378 369
418 369 386
412 387 370
412 370 390
380 409 371
371 409 404
372 391 422
395 372 430
372 422 430
389 432 373
401 373 432
374 383 408
374 408 391
392 407 375
375 407 393
376 404 398
377 411 379
398 411 377
414 378 418
421 405 379
434 379 411
434 421 379
393 425 380
442 409 380
380 425 442
400 441 381
431 406 381
381 441 431
382 424 400
410 424 382
383 397 415
383 435 408
435 383 415
420 390 384
384 394 420
392 385 416
416 385 396
386 401 418
402 387 423
423 387 412
433 394 388
446 388 414
388 446 433
405 432 389
390 429 412
420 429 390
422 391 408
417 407 392
392 416 417
393 407 436
436 425 393
420 394 433
399 395 430
396 406 419
396 419 416
403 426 397
397 426 415
404 448 398
437 411 398
398 448 437
399 445 413
430 445 399
400 424 444
444 441 400
418 401 440
401 432 440
403 402 428
423 428 402
428 426 403
404 409 427
404 427 448
421 447 405
405 443 432
447 443 405
419 406 431
436 407 417
422 408 439
439 408 435
427 409 454
442 454 409
410 413 449
449 424 410
434 411 437
412 438 423
412 429 438
449 413 445
418 452 414
414 452 446
415 426 435
416 450 417
416 419 451
451 450 416
417 450 436
452 418 440
431 451 419
459 429 420
433 457 420
457 459 420
455 421 434
460 447 421
460 421 455
465 430 422
439 461 422
422 461 465
453 428 423
438 468 423
423 468 453
424 456 444
449 456 424
436 463 425
442 425 463
426 428 453
435 426 458
458 426 453
448 427 454
438 429 459
445 430 475
465 475 430
441 467 431
431 467 451
432 462 440
443 466 432
432 482 462
432 466 482
446 457 433
464 434 437
455 434 464
435 461 439
435 458 470
461 435 470
436 450 493
493 463 436
448 464 437
459 468 438
440 469 452
462 469 440
481 441 444
441 473 467
481 473 441
472 454 442
463 472 442
447 466 443
444 456 481
445 471 449
475 471 445
474 446 452
446 489 457
489 446 474
466 447 460
448 454 476
476 464 448
478 456 449
449 471 478
450 451 479
493 450 479
451 467 488
488 479 451
469 483 452
483 474 452
453 480 458
484 453 468
480 453 484
454 472 486
476 454 486
485 460 455
485 455 464
481 456 478
457 477 459
489 477 457
470 458 480
502 468 459
459 477 502
460 487 466
592 460 485
498 465 461
470 490 461
461 490 498
462 491 469
462 482 491
463 497 472
493 497 463
494 464 476
494 485 464
498 475 465
466 487 482
473 488 467
468 496 484
468 502 496
491 483 469
492 470 480
490 470 492
475 505 471
471 505 478
472 497 486
506 473 481
488 473 506
495 474 483
474 495 489
498 517 475
517 505 475
486 494 476
501 477 489
502 477 501
499 481 478
478 505 499
488 503 479
509 493 479
479 503 509
500 480 484
513 492 480
513 480 500
499 507 481
507 506 481
482 487 508
491 482 512
512 482 508
510 483 491
495 483 510
484 496 518
484 518 500
515 487 592
504 485 494
526 590 504
526 515 590
511 494 486
486 497 511
508 487 515
516 503 488
506 516 488
489 495 514
489 514 501
490 492 513
520 498 490
490 513 520
510 491 512
497 493 525
509 522 493
493 522 525
494 523 504
536 494 511
523 494 536
514 495 510
496 502 521
521 518 496
497 525 511
533 517 498
533 498 520
524 499 505
524 507 499
518 513 500
502 501 519
519 501 514
521 502 519
509 503 516
504 523 526
517 530 505
505 530 524
531 506 507
506 534 516
531 534 506
524 531 507
508 529 512
508 515 529
516 532 509
532 522 509
510 512 528
510 527 514
510 528 527
525 536 511
512 529 528
518 540 513
513 540 520
514 537 519
527 537 514
529 515 526
546 532 516
516 534 546
571 542 530
571 533 542
535 518 521
540 518 535
519 537 521
541 533 520
520 540 541
521 543 535
537 543 521
525 522 539
539 522 532
526 523 538
538 523 536
524 530 542
572 531 524
549 536 525
539 549 525
526 544 529
544 526 538
547 527 528
550 537 527
527 547 550
529 544 528
528 544 547
531 545 534
531 572 548
548 545 531
539 532 546
552 533 541
542 533 552
534 545 546
543 540 535
538 536 551
549 551 536
543 537 550
551 544 538
539 546 553
553 549 539
540 552 541
560 567 543
558 552 540
567 560 558
557 548 542
557 542 552
543 550 560
547 544 555
551 555 544
546 545 556
545 548 556
546 556 553
550 547 554
554 547 555
556 548 557
559 551 549
553 559 549
560 550 554
559 555 551
552 561 557
561 552 558
553 556 562
562 559 553
555 560 554
555 559 563
563 560 555
562 556 557
557 561 562
558 560 561
563 559 562
560 563 561
562 561 563
564 217 171
179 564 171
174 565 232
565 174 182
213 566 163
163 566 182
540 567 558
567 540 543
13 15 568
13 568 2
316 341 569
569 285 316
2 570 13
2 6 570
571 517 533
571 530 517
542 548 572
542 572 524
62 573 36
36 573 45
232 216 574
172 574 216
575 106 141
575 114 106
576 78 65
38 576 65
36 577 18
18 577 35
43 578 39
579 578 43
579 19 578
19 579 23
580 82 59
39 580 59
581 12 4
581 4 5
582 41 52
41 582 22
583 60 46
29 583 46
85 584 88
57 88 584
585 194 152
585 152 164
586 209 165
586 165 175
587 205 177
587 177 184
588 241 230
181 588 230
387 589 327
327 589 352
591 590 515
590 485 504
590 591 485
485 591 592
591 515 592
592 487 460
