729
0.000000 0.000000 0.000000
0.000000 0.012500 0.000000
0.000000 0.025000 0.000000
0.000000 0.037500 0.000000
0.000000 0.050000 0.000000
0.000000 0.062500 0.000000
0.000000 0.075000 0.000000
0.000000 0.087500 0.000000
0.000000 0.100000 0.000000
0.012500 0.000000 0.000000
0.012500 0.012500 0.000000
0.012500 0.025000 0.000000
0.012500 0.037500 0.000000
0.012500 0.050000 0.000000
0.012500 0.062500 0.000000
0.012500 0.075000 0.000000
0.012500 0.087500 0.000000
0.012500 0.100000 0.000000
0.025000 0.000000 0.000000
0.025000 0.012500 0.000000
0.025000 0.025000 0.000000
0.025000 0.037500 0.000000
0.025000 0.050000 0.000000
0.025000 0.062500 0.000000
0.025000 0.075000 0.000000
0.025000 0.087500 0.000000
0.025000 0.100000 0.000000
0.037500 0.000000 0.000000
0.037500 0.012500 0.000000
0.037500 0.025000 0.000000
0.037500 0.037500 0.000000
0.037500 0.050000 0.000000
0.037500 0.062500 0.000000
0.037500 0.075000 0.000000
0.037500 0.087500 0.000000
0.037500 0.100000 0.000000
0.050000 0.000000 0.000000
0.050000 0.012500 0.000000
0.050000 0.025000 0.000000
0.050000 0.037500 0.000000
0.050000 0.050000 0.000000
0.050000 0.062500 0.000000
0.050000 0.075000 0.000000
0.050000 0.087500 0.000000
0.050000 0.100000 0.000000
0.062500 0.000000 0.000000
0.062500 0.012500 0.000000
0.062500 0.025000 0.000000
0.062500 0.037500 0.000000
0.062500 0.050000 0.000000
0.062500 0.062500 0.000000
0.062500 0.075000 0.000000
0.062500 0.087500 0.000000
0.062500 0.100000 0.000000
0.075000 0.000000 0.000000
0.075000 0.012500 0.000000
0.075000 0.025000 0.000000
0.075000 0.037500 0.000000
0.075000 0.050000 0.000000
0.075000 0.062500 0.000000
0.075000 0.075000 0.000000
0.075000 0.087500 0.000000
0.075000 0.100000 0.000000
0.087500 0.000000 0.000000
0.087500 0.012500 0.000000
0.087500 0.025000 0.000000
0.087500 0.037500 0.000000
0.087500 0.050000 0.000000
0.087500 0.062500 0.000000
0.087500 0.075000 0.000000
0.087500 0.087500 0.000000
0.087500 0.100000 0.000000
0.100000 0.000000 0.000000
0.100000 0.012500 0.000000
0.100000 0.025000 0.000000
0.100000 0.037500 0.000000
0.100000 0.050000 0.000000
0.100000 0.062500 0.000000
0.100000 0.075000 0.000000
0.100000 0.087500 0.000000
0.100000 0.100000 0.000000
0.000000 0.000000 0.012500
0.000000 0.012500 0.012500
0.000000 0.025000 0.012500
0.000000 0.037500 0.012500
0.000000 0.050000 0.012500
0.000000 0.062500 0.012500
0.000000 0.075000 0.012500
0.000000 0.087500 0.012500
0.000000 0.100000 0.012500
0.012500 0.000000 0.012500
0.012500 0.012500 0.012500
0.012500 0.025000 0.012500
0.012500 0.037500 0.012500
0.012500 0.050000 0.012500
0.012500 0.062500 0.012500
0.012500 0.075000 0.012500
0.012500 0.087500 0.012500
0.012500 0.100000 0.012500
0.025000 0.000000 0.012500
0.025000 0.012500 0.012500
0.025000 0.025000 0.012500
0.025000 0.037500 0.012500
0.025000 0.050000 0.012500
0.025000 0.062500 0.012500
0.025000 0.075000 0.012500
0.025000 0.087500 0.012500
0.025000 0.100000 0.012500
0.037500 0.000000 0.012500
0.037500 0.012500 0.012500
0.037500 0.025000 0.012500
0.037500 0.037500 0.012500
0.037500 0.050000 0.012500
0.037500 0.062500 0.012500
0.037500 0.075000 0.012500
0.037500 0.087500 0.012500
0.037500 0.100000 0.012500
0.050000 0.000000 0.012500
0.050000 0.012500 0.012500
0.050000 0.025000 0.012500
0.050000 0.037500 0.012500
0.050000 0.050000 0.012500
0.050000 0.062500 0.012500
0.050000 0.075000 0.012500
0.050000 0.087500 0.012500
0.050000 0.100000 0.012500
0.062500 0.000000 0.012500
0.062500 0.012500 0.012500
0.062500 0.025000 0.012500
0.062500 0.037500 0.012500
0.062500 0.050000 0.012500
0.062500 0.062500 0.012500
0.062500 0.075000 0.012500
0.062500 0.087500 0.012500
0.062500 0.100000 0.012500
0.075000 0.000000 0.012500
0.075000 0.012500 0.012500
0.075000 0.025000 0.012500
0.075000 0.037500 0.012500
0.075000 0.050000 0.012500
0.075000 0.062500 0.012500
0.075000 0.075000 0.012500
0.075000 0.087500 0.012500
0.075000 0.100000 0.012500
0.087500 0.000000 0.012500
0.087500 0.012500 0.012500
0.087500 0.025000 0.012500
0.087500 0.037500 0.012500
0.087500 0.050000 0.012500
0.087500 0.062500 0.012500
0.087500 0.075000 0.012500
0.087500 0.087500 0.012500
0.087500 0.100000 0.012500
0.100000 0.000000 0.012500
0.100000 0.012500 0.012500
0.100000 0.025000 0.012500
0.100000 0.037500 0.012500
0.100000 0.050000 0.012500
0.100000 0.062500 0.012500
0.100000 0.075000 0.012500
0.100000 0.087500 0.012500
0.100000 0.100000 0.012500
0.000000 0.000000 0.025000
0.000000 0.012500 0.025000
0.000000 0.025000 0.025000
0.000000 0.037500 0.025000
0.000000 0.050000 0.025000
0.000000 0.062500 0.025000
0.000000 0.075000 0.025000
0.000000 0.087500 0.025000
0.000000 0.100000 0.025000
0.012500 0.000000 0.025000
0.012500 0.012500 0.025000
0.012500 0.025000 0.025000
0.012500 0.037500 0.025000
0.012500 0.050000 0.025000
0.012500 0.062500 0.025000
0.012500 0.075000 0.025000
0.012500 0.087500 0.025000
0.012500 0.100000 0.025000
0.025000 0.000000 0.025000
0.025000 0.012500 0.025000
0.025000 0.025000 0.025000
0.025000 0.037500 0.025000
0.025000 0.050000 0.025000
0.025000 0.062500 0.025000
0.025000 0.075000 0.025000
0.025000 0.087500 0.025000
0.025000 0.100000 0.025000
0.037500 0.000000 0.025000
0.037500 0.012500 0.025000
0.037500 0.025000 0.025000
0.037500 0.037500 0.025000
0.037500 0.050000 0.025000
0.037500 0.062500 0.025000
0.037500 0.075000 0.025000
0.037500 0.087500 0.025000
0.037500 0.100000 0.025000
0.050000 0.000000 0.025000
0.050000 0.012500 0.025000
0.050000 0.025000 0.025000
0.050000 0.037500 0.025000
0.050000 0.050000 0.025000
0.050000 0.062500 0.025000
0.050000 0.075000 0.025000
0.050000 0.087500 0.025000
0.050000 0.100000 0.025000
0.062500 0.000000 0.025000
0.062500 0.012500 0.025000
0.062500 0.025000 0.025000
0.062500 0.037500 0.025000
0.062500 0.050000 0.025000
0.062500 0.062500 0.025000
0.062500 0.075000 0.025000
0.062500 0.087500 0.025000
0.062500 0.100000 0.025000
0.075000 0.000000 0.025000
0.075000 0.012500 0.025000
0.075000 0.025000 0.025000
0.075000 0.037500 0.025000
0.075000 0.050000 0.025000
0.075000 0.062500 0.025000
0.075000 0.075000 0.025000
0.075000 0.087500 0.025000
0.075000 0.100000 0.025000
0.087500 0.000000 0.025000
0.087500 0.012500 0.025000
0.087500 0.025000 0.025000
0.087500 0.037500 0.025000
0.087500 0.050000 0.025000
0.087500 0.062500 0.025000
0.087500 0.075000 0.025000
0.087500 0.087500 0.025000
0.087500 0.100000 0.025000
0.100000 0.000000 0.025000
0.100000 0.012500 0.025000
0.100000 0.025000 0.025000
0.100000 0.037500 0.025000
0.100000 0.050000 0.025000
0.100000 0.062500 0.025000
0.100000 0.075000 0.025000
0.100000 0.087500 0.025000
0.100000 0.100000 0.025000
0.000000 0.000000 0.037500
0.000000 0.012500 0.037500
0.000000 0.025000 0.037500
0.000000 0.037500 0.037500
0.000000 0.050000 0.037500
0.000000 0.062500 0.037500
0.000000 0.075000 0.037500
0.000000 0.087500 0.037500
0.000000 0.100000 0.037500
0.012500 0.000000 0.037500
0.012500 0.012500 0.037500
0.012500 0.025000 0.037500
0.012500 0.037500 0.037500
0.012500 0.050000 0.037500
0.012500 0.062500 0.037500
0.012500 0.075000 0.037500
0.012500 0.087500 0.037500
0.012500 0.100000 0.037500
0.025000 0.000000 0.037500
0.025000 0.012500 0.037500
0.025000 0.025000 0.037500
0.025000 0.037500 0.037500
0.025000 0.050000 0.037500
0.025000 0.062500 0.037500
0.025000 0.075000 0.037500
0.025000 0.087500 0.037500
0.025000 0.100000 0.037500
0.037500 0.000000 0.037500
0.037500 0.012500 0.037500
0.037500 0.025000 0.037500
0.037500 0.037500 0.037500
0.037500 0.050000 0.037500
0.037500 0.062500 0.037500
0.037500 0.075000 0.037500
0.037500 0.087500 0.037500
0.037500 0.100000 0.037500
0.050000 0.000000 0.037500
0.050000 0.012500 0.037500
0.050000 0.025000 0.037500
0.050000 0.037500 0.037500
0.050000 0.050000 0.037500
0.050000 0.062500 0.037500
0.050000 0.075000 0.037500
0.050000 0.087500 0.037500
0.050000 0.100000 0.037500
0.062500 0.000000 0.037500
0.062500 0.012500 0.037500
0.062500 0.025000 0.037500
0.062500 0.037500 0.037500
0.062500 0.050000 0.037500
0.062500 0.062500 0.037500
0.062500 0.075000 0.037500
0.062500 0.087500 0.037500
0.062500 0.100000 0.037500
0.075000 0.000000 0.037500
0.075000 0.012500 0.037500
0.075000 0.025000 0.037500
0.075000 0.037500 0.037500
0.075000 0.050000 0.037500
0.075000 0.062500 0.037500
0.075000 0.075000 0.037500
0.075000 0.087500 0.037500
0.075000 0.100000 0.037500
0.087500 0.000000 0.037500
0.087500 0.012500 0.037500
0.087500 0.025000 0.037500
0.087500 0.037500 0.037500
0.087500 0.050000 0.037500
0.087500 0.062500 0.037500
0.087500 0.075000 0.037500
0.087500 0.087500 0.037500
0.087500 0.100000 0.037500
0.100000 0.000000 0.037500
0.100000 0.012500 0.037500
0.100000 0.025000 0.037500
0.100000 0.037500 0.037500
0.100000 0.050000 0.037500
0.100000 0.062500 0.037500
0.100000 0.075000 0.037500
0.100000 0.087500 0.037500
0.100000 0.100000 0.037500
0.000000 0.000000 0.050000
0.000000 0.012500 0.050000
0.000000 0.025000 0.050000
0.000000 0.037500 0.050000
0.000000 0.050000 0.050000
0.000000 0.062500 0.050000
0.000000 0.075000 0.050000
0.000000 0.087500 0.050000
0.000000 0.100000 0.050000
0.012500 0.000000 0.050000
0.012500 0.012500 0.050000
0.012500 0.025000 0.050000
0.012500 0.037500 0.050000
0.012500 0.050000 0.050000
0.012500 0.062500 0.050000
0.012500 0.075000 0.050000
0.012500 0.087500 0.050000
0.012500 0.100000 0.050000
0.025000 0.000000 0.050000
0.025000 0.012500 0.050000
0.025000 0.025000 0.050000
0.025000 0.037500 0.050000
0.025000 0.050000 0.050000
0.025000 0.062500 0.050000
0.025000 0.075000 0.050000
0.025000 0.087500 0.050000
0.025000 0.100000 0.050000
0.037500 0.000000 0.050000
0.037500 0.012500 0.050000
0.037500 0.025000 0.050000
0.037500 0.037500 0.050000
0.037500 0.050000 0.050000
0.037500 0.062500 0.050000
0.037500 0.075000 0.050000
0.037500 0.087500 0.050000
0.037500 0.100000 0.050000
0.050000 0.000000 0.050000
0.050000 0.012500 0.050000
0.050000 0.025000 0.050000
0.050000 0.037500 0.050000
0.050000 0.050000 0.050000
0.050000 0.062500 0.050000
0.050000 0.075000 0.050000
0.050000 0.087500 0.050000
0.050000 0.100000 0.050000
0.062500 0.000000 0.050000
0.062500 0.012500 0.050000
0.062500 0.025000 0.050000
0.062500 0.037500 0.050000
0.062500 0.050000 0.050000
0.062500 0.062500 0.050000
0.062500 0.075000 0.050000
0.062500 0.087500 0.050000
0.062500 0.100000 0.050000
0.075000 0.000000 0.050000
0.075000 0.012500 0.050000
0.075000 0.025000 0.050000
0.075000 0.037500 0.050000
0.075000 0.050000 0.050000
0.075000 0.062500 0.050000
0.075000 0.075000 0.050000
0.075000 0.087500 0.050000
0.075000 0.100000 0.050000
0.087500 0.000000 0.050000
0.087500 0.012500 0.050000
0.087500 0.025000 0.050000
0.087500 0.037500 0.050000
0.087500 0.050000 0.050000
0.087500 0.062500 0.050000
0.087500 0.075000 0.050000
0.087500 0.087500 0.050000
0.087500 0.100000 0.050000
0.100000 0.000000 0.050000
0.100000 0.012500 0.050000
0.100000 0.025000 0.050000
0.100000 0.037500 0.050000
0.100000 0.050000 0.050000
0.100000 0.062500 0.050000
0.100000 0.075000 0.050000
0.100000 0.087500 0.050000
0.100000 0.100000 0.050000
0.000000 0.000000 0.062500
0.000000 0.012500 0.062500
0.000000 0.025000 0.062500
0.000000 0.037500 0.062500
0.000000 0.050000 0.062500
0.000000 0.062500 0.062500
0.000000 0.075000 0.062500
0.000000 0.087500 0.062500
0.000000 0.100000 0.062500
0.012500 0.000000 0.062500
0.012500 0.012500 0.062500
0.012500 0.025000 0.062500
0.012500 0.037500 0.062500
0.012500 0.050000 0.062500
0.012500 0.062500 0.062500
0.012500 0.075000 0.062500
0.012500 0.087500 0.062500
0.012500 0.100000 0.062500
0.025000 0.000000 0.062500
0.025000 0.012500 0.062500
0.025000 0.025000 0.062500
0.025000 0.037500 0.062500
0.025000 0.050000 0.062500
0.025000 0.062500 0.062500
0.025000 0.075000 0.062500
0.025000 0.087500 0.062500
0.025000 0.100000 0.062500
0.037500 0.000000 0.062500
0.037500 0.012500 0.062500
0.037500 0.025000 0.062500
0.037500 0.037500 0.062500
0.037500 0.050000 0.062500
0.037500 0.062500 0.062500
0.037500 0.075000 0.062500
0.037500 0.087500 0.062500
0.037500 0.100000 0.062500
0.050000 0.000000 0.062500
0.050000 0.012500 0.062500
0.050000 0.025000 0.062500
0.050000 0.037500 0.062500
0.050000 0.050000 0.062500
0.050000 0.062500 0.062500
0.050000 0.075000 0.062500
0.050000 0.087500 0.062500
0.050000 0.100000 0.062500
0.062500 0.000000 0.062500
0.062500 0.012500 0.062500
0.062500 0.025000 0.062500
0.062500 0.037500 0.062500
0.062500 0.050000 0.062500
0.062500 0.062500 0.062500
0.062500 0.075000 0.062500
0.062500 0.087500 0.062500
0.062500 0.100000 0.062500
0.075000 0.000000 0.062500
0.075000 0.012500 0.062500
0.075000 0.025000 0.062500
0.075000 0.037500 0.062500
0.075000 0.050000 0.062500
0.075000 0.062500 0.062500
0.075000 0.075000 0.062500
0.075000 0.087500 0.062500
0.075000 0.100000 0.062500
0.087500 0.000000 0.062500
0.087500 0.012500 0.062500
0.087500 0.025000 0.062500
0.087500 0.037500 0.062500
0.087500 0.050000 0.062500
0.087500 0.062500 0.062500
0.087500 0.075000 0.062500
0.087500 0.087500 0.062500
0.087500 0.100000 0.062500
0.100000 0.000000 0.062500
0.100000 0.012500 0.062500
0.100000 0.025000 0.062500
0.100000 0.037500 0.062500
0.100000 0.050000 0.062500
0.100000 0.062500 0.062500
0.100000 0.075000 0.062500
0.100000 0.087500 0.062500
0.100000 0.100000 0.062500
0.000000 0.000000 0.075000
0.000000 0.012500 0.075000
0.000000 0.025000 0.075000
0.000000 0.037500 0.075000
0.000000 0.050000 0.075000
0.000000 0.062500 0.075000
0.000000 0.075000 0.075000
0.000000 0.087500 0.075000
0.000000 0.100000 0.075000
0.012500 0.000000 0.075000
0.012500 0.012500 0.075000
0.012500 0.025000 0.075000
0.012500 0.037500 0.075000
0.012500 0.050000 0.075000
0.012500 0.062500 0.075000
0.012500 0.075000 0.075000
0.012500 0.087500 0.075000
0.012500 0.100000 0.075000
0.025000 0.000000 0.075000
0.025000 0.012500 0.075000
0.025000 0.025000 0.075000
0.025000 0.037500 0.075000
0.025000 0.050000 0.075000
0.025000 0.062500 0.075000
0.025000 0.075000 0.075000
0.025000 0.087500 0.075000
0.025000 0.100000 0.075000
0.037500 0.000000 0.075000
0.037500 0.012500 0.075000
0.037500 0.025000 0.075000
0.037500 0.037500 0.075000
0.037500 0.050000 0.075000
0.037500 0.062500 0.075000
0.037500 0.075000 0.075000
0.037500 0.087500 0.075000
0.037500 0.100000 0.075000
0.050000 0.000000 0.075000
0.050000 0.012500 0.075000
0.050000 0.025000 0.075000
0.050000 0.037500 0.075000
0.050000 0.050000 0.075000
0.050000 0.062500 0.075000
0.050000 0.075000 0.075000
0.050000 0.087500 0.075000
0.050000 0.100000 0.075000
0.062500 0.000000 0.075000
0.062500 0.012500 0.075000
0.062500 0.025000 0.075000
0.062500 0.037500 0.075000
0.062500 0.050000 0.075000
0.062500 0.062500 0.075000
0.062500 0.075000 0.075000
0.062500 0.087500 0.075000
0.062500 0.100000 0.075000
0.075000 0.000000 0.075000
0.075000 0.012500 0.075000
0.075000 0.025000 0.075000
0.075000 0.037500 0.075000
0.075000 0.050000 0.075000
0.075000 0.062500 0.075000
0.075000 0.075000 0.075000
0.075000 0.087500 0.075000
0.075000 0.100000 0.075000
0.087500 0.000000 0.075000
0.087500 0.012500 0.075000
0.087500 0.025000 0.075000
0.087500 0.037500 0.075000
0.087500 0.050000 0.075000
0.087500 0.062500 0.075000
0.087500 0.075000 0.075000
0.087500 0.087500 0.075000
0.087500 0.100000 0.075000
0.100000 0.000000 0.075000
0.100000 0.012500 0.075000
0.100000 0.025000 0.075000
0.100000 0.037500 0.075000
0.100000 0.050000 0.075000
0.100000 0.062500 0.075000
0.100000 0.075000 0.075000
0.100000 0.087500 0.075000
0.100000 0.100000 0.075000
0.000000 0.000000 0.087500
0.000000 0.012500 0.087500
0.000000 0.025000 0.087500
0.000000 0.037500 0.087500
0.000000 0.050000 0.087500
0.000000 0.062500 0.087500
0.000000 0.075000 0.087500
0.000000 0.087500 0.087500
0.000000 0.100000 0.087500
0.012500 0.000000 0.087500
0.012500 0.012500 0.087500
0.012500 0.025000 0.087500
0.012500 0.037500 0.087500
0.012500 0.050000 0.087500
0.012500 0.062500 0.087500
0.012500 0.075000 0.087500
0.012500 0.087500 0.087500
0.012500 0.100000 0.087500
0.025000 0.000000 0.087500
0.025000 0.012500 0.087500
0.025000 0.025000 0.087500
0.025000 0.037500 0.087500
0.025000 0.050000 0.087500
0.025000 0.062500 0.087500
0.025000 0.075000 0.087500
0.025000 0.087500 0.087500
0.025000 0.100000 0.087500
0.037500 0.000000 0.087500
0.037500 0.012500 0.087500
0.037500 0.025000 0.087500
0.037500 0.037500 0.087500
0.037500 0.050000 0.087500
0.037500 0.062500 0.087500
0.037500 0.075000 0.087500
0.037500 0.087500 0.087500
0.037500 0.100000 0.087500
0.050000 0.000000 0.087500
0.050000 0.012500 0.087500
0.050000 0.025000 0.087500
0.050000 0.037500 0.087500
0.050000 0.050000 0.087500
0.050000 0.062500 0.087500
0.050000 0.075000 0.087500
0.050000 0.087500 0.087500
0.050000 0.100000 0.087500
0.062500 0.000000 0.087500
0.062500 0.012500 0.087500
0.062500 0.025000 0.087500
0.062500 0.037500 0.087500
0.062500 0.050000 0.087500
0.062500 0.062500 0.087500
0.062500 0.075000 0.087500
0.062500 0.087500 0.087500
0.062500 0.100000 0.087500
0.075000 0.000000 0.087500
0.075000 0.012500 0.087500
0.075000 0.025000 0.087500
0.075000 0.037500 0.087500
0.075000 0.050000 0.087500
0.075000 0.062500 0.087500
0.075000 0.075000 0.087500
0.075000 0.087500 0.087500
0.075000 0.100000 0.087500
0.087500 0.000000 0.087500
0.087500 0.012500 0.087500
0.087500 0.025000 0.087500
0.087500 0.037500 0.087500
0.087500 0.050000 0.087500
0.087500 0.062500 0.087500
0.087500 0.075000 0.087500
0.087500 0.087500 0.087500
0.087500 0.100000 0.087500
0.100000 0.000000 0.087500
0.100000 0.012500 0.087500
0.100000 0.025000 0.087500
0.100000 0.037500 0.087500
0.100000 0.050000 0.087500
0.100000 0.062500 0.087500
0.100000 0.075000 0.087500
0.100000 0.087500 0.087500
0.100000 0.100000 0.087500
0.000000 0.000000 0.100000
0.000000 0.012500 0.100000
0.000000 0.025000 0.100000
0.000000 0.037500 0.100000
0.000000 0.050000 0.100000
0.000000 0.062500 0.100000
0.000000 0.075000 0.100000
0.000000 0.087500 0.100000
0.000000 0.100000 0.100000
0.012500 0.000000 0.100000
0.012500 0.012500 0.100000
0.012500 0.025000 0.100000
0.012500 0.037500 0.100000
0.012500 0.050000 0.100000
0.012500 0.062500 0.100000
0.012500 0.075000 0.100000
0.012500 0.087500 0.100000
0.012500 0.100000 0.100000
0.025000 0.000000 0.100000
0.025000 0.012500 0.100000
0.025000 0.025000 0.100000
0.025000 0.037500 0.100000
0.025000 0.050000 0.100000
0.025000 0.062500 0.100000
0.025000 0.075000 0.100000
0.025000 0.087500 0.100000
0.025000 0.100000 0.100000
0.037500 0.000000 0.100000
0.037500 0.012500 0.100000
0.037500 0.025000 0.100000
0.037500 0.037500 0.100000
0.037500 0.050000 0.100000
0.037500 0.062500 0.100000
0.037500 0.075000 0.100000
0.037500 0.087500 0.100000
0.037500 0.100000 0.100000
0.050000 0.000000 0.100000
0.050000 0.012500 0.100000
0.050000 0.025000 0.100000
0.050000 0.037500 0.100000
0.050000 0.050000 0.100000
0.050000 0.062500 0.100000
0.050000 0.075000 0.100000
0.050000 0.087500 0.100000
0.050000 0.100000 0.100000
0.062500 0.000000 0.100000
0.062500 0.012500 0.100000
0.062500 0.025000 0.100000
0.062500 0.037500 0.100000
0.062500 0.050000 0.100000
0.062500 0.062500 0.100000
0.062500 0.075000 0.100000
0.062500 0.087500 0.100000
0.062500 0.100000 0.100000
0.075000 0.000000 0.100000
0.075000 0.012500 0.100000
0.075000 0.025000 0.100000
0.075000 0.037500 0.100000
0.075000 0.050000 0.100000
0.075000 0.062500 0.100000
0.075000 0.075000 0.100000
0.075000 0.087500 0.100000
0.075000 0.100000 0.100000
0.087500 0.000000 0.100000
0.087500 0.012500 0.100000
0.087500 0.025000 0.100000
0.087500 0.037500 0.100000
0.087500 0.050000 0.100000
0.087500 0.062500 0.100000
0.087500 0.075000 0.100000
0.087500 0.087500 0.100000
0.087500 0.100000 0.100000
0.100000 0.000000 0.100000
0.100000 0.012500 0.100000
0.100000 0.025000 0.100000
0.100000 0.037500 0.100000
0.100000 0.050000 0.100000
0.100000 0.062500 0.100000
0.100000 0.075000 0.100000
0.100000 0.087500 0.100000
0.100000 0.100000 0.100000
