2058  4
0 1 73 65
1 2 74 66
2 3 75 67
3 4 76 68
4 5 77 69
5 6 78 70
6 7 79 71
8 9 81 73
9 10 82 74
10 11 83 75
11 12 84 76
12 13 85 77
13 14 86 78
14 15 87 79
16 17 89 81
17 18 90 82
18 19 91 83
19 20 92 84
20 21 93 85
21 22 94 86
22 23 95 87
24 25 97 89
25 26 98 90
26 27 99 91
27 28 100 92
28 29 101 93
29 30 102 94
30 31 103 95
32 33 105 97
33 34 106 98
34 35 107 99
35 36 108 100
36 37 109 101
37 38 110 102
38 39 111 103
40 41 113 105
41 42 114 106
42 43 115 107
43 44 116 108
44 45 117 109
45 46 118 110
46 47 119 111
48 49 121 113
49 50 122 114
50 51 123 115
51 52 124 116
52 53 125 117
53 54 126 118
54 55 127 119
64 65 137 129
65 66 138 130
66 67 139 131
67 68 140 132
68 69 141 133
69 70 142 134
70 71 143 135
72 73 145 137
73 74 146 138
74 75 147 139
75 76 148 140
76 77 149 141
77 78 150 142
78 79 151 143
80 81 153 145
81 82 154 146
82 83 155 147
83 84 156 148
84 85 157 149
85 86 158 150
86 87 159 151
88 89 161 153
89 90 162 154
90 91 163 155
91 92 164 156
92 93 165 157
93 94 166 158
94 95 167 159
96 97 169 161
97 98 170 162
98 99 171 163
99 100 172 164
100 101 173 165
101 102 174 166
102 103 175 167
104 105 177 169
105 106 178 170
106 107 179 171
107 108 180 172
108 109 181 173
109 110 182 174
110 111 183 175
112 113 185 177
113 114 186 178
114 115 187 179
115 116 188 180
116 117 189 181
117 118 190 182
118 119 191 183
128 129 201 193
129 130 202 194
130 131 203 195
131 132 204 196
132 133 205 197
133 134 206 198
134 135 207 199
136 137 209 201
137 138 210 202
138 139 211 203
139 140 212 204
140 141 213 205
141 142 214 206
142 143 215 207
144 145 217 209
145 146 218 210
146 147 219 211
147 148 220 212
148 149 221 213
149 150 222 214
150 151 223 215
152 153 225 217
153 154 226 218
154 155 227 219
155 156 228 220
156 157 229 221
157 158 230 222
158 159 231 223
160 161 233 225
161 162 234 226
162 163 235 227
163 164 236 228
164 165 237 229
165 166 238 230
166 167 239 231
168 169 241 233
169 170 242 234
170 171 243 235
171 172 244 236
172 173 245 237
173 174 246 238
174 175 247 239
176 177 249 241
177 178 250 242
178 179 251 243
179 180 252 244
180 181 253 245
181 182 254 246
182 183 255 247
192 193 265 257
193 194 266 258
194 195 267 259
195 196 268 260
196 197 269 261
197 198 270 262
198 199 271 263
200 201 273 265
201 202 274 266
202 203 275 267
203 204 276 268
204 205 277 269
205 206 278 270
206 207 279 271
208 209 281 273
209 210 282 274
210 211 283 275
211 212 284 276
212 213 285 277
213 214 286 278
214 215 287 279
216 217 289 281
217 218 290 282
218 219 291 283
219 220 292 284
220 221 293 285
221 222 294 286
222 223 295 287
224 225 297 289
225 226 298 290
226 227 299 291
227 228 300 292
228 229 301 293
229 230 302 294
230 231 303 295
232 233 305 297
233 234 306 298
234 235 307 299
235 236 308 300
236 237 309 301
237 238 310 302
238 239 311 303
240 241 313 305
241 242 314 306
242 243 315 307
243 244 316 308
244 245 317 309
245 246 318 310
246 247 319 311
256 257 329 321
257 258 330 322
258 259 331 323
259 260 332 324
260 261 333 325
261 262 334 326
262 263 335 327
264 265 337 329
265 266 338 330
266 267 339 331
267 268 340 332
268 269 341 333
269 270 342 334
270 271 343 335
272 273 345 337
273 274 346 338
274 275 347 339
275 276 348 340
276 277 349 341
277 278 350 342
278 279 351 343
280 281 353 345
281 282 354 346
282 283 355 347
283 284 356 348
284 285 357 349
285 286 358 350
286 287 359 351
288 289 361 353
289 290 362 354
290 291 363 355
291 292 364 356
292 293 365 357
293 294 366 358
294 295 367 359
296 297 369 361
297 298 370 362
298 299 371 363
299 300 372 364
300 301 373 365
301 302 374 366
302 303 375 367
304 305 377 369
305 306 378 370
306 307 379 371
307 308 380 372
308 309 381 373
309 310 382 374
310 311 383 375
320 321 393 385
321 322 394 386
322 323 395 387
323 324 396 388
324 325 397 389
325 326 398 390
326 327 399 391
328 329 401 393
329 330 402 394
330 331 403 395
331 332 404 396
332 333 405 397
333 334 406 398
334 335 407 399
336 337 409 401
337 338 410 402
338 339 411 403
339 340 412 404
340 341 413 405
341 342 414 406
342 343 415 407
344 345 417 409
345 346 418 410
346 347 419 411
347 348 420 412
348 349 421 413
349 350 422 414
350 351 423 415
352 353 425 417
353 354 426 418
354 355 427 419
355 356 428 420
356 357 429 421
357 358 430 422
358 359 431 423
360 361 433 425
361 362 434 426
362 363 435 427
363 364 436 428
364 365 437 429
365 366 438 430
366 367 439 431
368 369 441 433
369 370 442 434
370 371 443 435
371 372 444 436
372 373 445 437
373 374 446 438
374 375 447 439
384 385 457 449
385 386 458 450
386 387 459 451
387 388 460 452
388 389 461 453
389 390 462 454
390 391 463 455
392 393 465 457
393 394 466 458
394 395 467 459
395 396 468 460
396 397 469 461
397 398 470 462
398 399 471 463
400 401 473 465
401 402 474 466
402 403 475 467
403 404 476 468
404 405 477 469
405 406 478 470
406 407 479 471
408 409 481 473
409 410 482 474
410 411 483 475
411 412 484 476
412 413 485 477
413 414 486 478
414 415 487 479
416 417 489 481
417 418 490 482
418 419 491 483
419 420 492 484
420 421 493 485
421 422 494 486
422 423 495 487
424 425 497 489
425 426 498 490
426 427 499 491
427 428 500 492
428 429 501 493
429 430 502 494
430 431 503 495
432 433 505 497
433 434 506 498
434 435 507 499
435 436 508 500
436 437 509 501
437 438 510 502
438 439 511 503
0 73 64 65
1 74 65 66
2 75 66 67
3 76 67 68
4 77 68 69
5 78 69 70
6 79 70 71
8 81 72 73
9 82 73 74
10 83 74 75
11 84 75 76
12 85 76 77
13 86 77 78
14 87 78 79
16 89 80 81
17 90 81 82
18 91 82 83
19 92 83 84
20 93 84 85
21 94 85 86
22 95 86 87
24 97 88 89
25 98 89 90
26 99 90 91
27 100 91 92
28 101 92 93
29 102 93 94
30 103 94 95
32 105 96 97
33 106 97 98
34 107 98 99
35 108 99 100
36 109 100 101
37 110 101 102
38 111 102 103
40 113 104 105
41 114 105 106
42 115 106 107
43 116 107 108
44 117 108 109
45 118 109 110
46 119 110 111
48 121 112 113
49 122 113 114
50 123 114 115
51 124 115 116
52 125 116 117
53 126 117 118
54 127 118 119
64 137 128 129
65 138 129 130
66 139 130 131
67 140 131 132
68 141 132 133
69 142 133 134
70 143 134 135
72 145 136 137
73 146 137 138
74 147 138 139
75 148 139 140
76 149 140 141
77 150 141 142
78 151 142 143
80 153 144 145
81 154 145 146
82 155 146 147
83 156 147 148
84 157 148 149
85 158 149 150
86 159 150 151
88 161 152 153
89 162 153 154
90 163 154 155
91 164 155 156
92 165 156 157
93 166 157 158
94 167 158 159
96 169 160 161
97 170 161 162
98 171 162 163
99 172 163 164
100 173 164 165
101 174 165 166
102 175 166 167
104 177 168 169
105 178 169 170
106 179 170 171
107 180 171 172
108 181 172 173
109 182 173 174
110 183 174 175
112 185 176 177
113 186 177 178
114 187 178 179
115 188 179 180
116 189 180 181
117 190 181 182
118 191 182 183
128 201 192 193
129 202 193 194
130 203 194 195
131 204 195 196
132 205 196 197
133 206 197 198
134 207 198 199
136 209 200 201
137 210 201 202
138 211 202 203
139 212 203 204
140 213 204 205
141 214 205 206
142 215 206 207
144 217 208 209
145 218 209 210
146 219 210 211
147 220 211 212
148 221 212 213
149 222 213 214
150 223 214 215
152 225 216 217
153 226 217 218
154 227 218 219
155 228 219 220
156 229 220 221
157 230 221 222
158 231 222 223
160 233 224 225
161 234 225 226
162 235 226 227
163 236 227 228
164 237 228 229
165 238 229 230
166 239 230 231
168 241 232 233
169 242 233 234
170 243 234 235
171 244 235 236
172 245 236 237
173 246 237 238
174 247 238 239
176 249 240 241
177 250 241 242
178 251 242 243
179 252 243 244
180 253 244 245
181 254 245 246
182 255 246 247
192 265 256 257
193 266 257 258
194 267 258 259
195 268 259 260
196 269 260 261
197 270 261 262
198 271 262 263
200 273 264 265
201 274 265 266
202 275 266 267
203 276 267 268
204 277 268 269
205 278 269 270
206 279 270 271
208 281 272 273
209 282 273 274
210 283 274 275
211 284 275 276
212 285 276 277
213 286 277 278
214 287 278 279
216 289 280 281
217 290 281 282
218 291 282 283
219 292 283 284
220 293 284 285
221 294 285 286
222 295 286 287
224 297 288 289
225 298 289 290
226 299 290 291
227 300 291 292
228 301 292 293
229 302 293 294
230 303 294 295
232 305 296 297
233 306 297 298
234 307 298 299
235 308 299 300
236 309 300 301
237 310 301 302
238 311 302 303
240 313 304 305
241 314 305 306
242 315 306 307
243 316 307 308
244 317 308 309
245 318 309 310
246 319 310 311
256 329 320 321
257 330 321 322
258 331 322 323
259 332 323 324
260 333 324 325
261 334 325 326
262 335 326 327
264 337 328 329
265 338 329 330
266 339 330 331
267 340 331 332
268 341 332 333
269 342 333 334
270 343 334 335
272 345 336 337
273 346 337 338
274 347 338 339
275 348 339 340
276 349 340 341
277 350 341 342
278 351 342 343
280 353 344 345
281 354 345 346
282 355 346 347
283 356 347 348
284 357 348 349
285 358 349 350
286 359 350 351
288 361 352 353
289 362 353 354
290 363 354 355
291 364 355 356
292 365 356 357
293 366 357 358
294 367 358 359
296 369 360 361
297 370 361 362
298 371 362 363
299 372 363 364
300 373 364 365
301 374 365 366
302 375 366 367
304 377 368 369
305 378 369 370
306 379 370 371
307 380 371 372
308 381 372 373
309 382 373 374
310 383 374 375
320 393 384 385
321 394 385 386
322 395 386 387
323 396 387 388
324 397 388 389
325 398 389 390
326 399 390 391
328 401 392 393
329 402 393 394
330 403 394 395
331 404 395 396
332 405 396 397
333 406 397 398
334 407 398 399
336 409 400 401
337 410 401 402
338 411 402 403
339 412 403 404
340 413 404 405
341 414 405 406
342 415 406 407
344 417 408 409
345 418 409 410
346 419 410 411
347 420 411 412
348 421 412 413
349 422 413 414
350 423 414 415
352 425 416 417
353 426 417 418
354 427 418 419
355 428 419 420
356 429 420 421
357 430 421 422
358 431 422 423
360 433 424 425
361 434 425 426
362 435 426 427
363 436 427 428
364 437 428 429
365 438 429 430
366 439 430 431
368 441 432 433
369 442 433 434
370 443 434 435
371 444 435 436
372 445 436 437
373 446 437 438
374 447 438 439
384 457 448 449
385 458 449 450
386 459 450 451
387 460 451 452
388 461 452 453
389 462 453 454
390 463 454 455
392 465 456 457
393 466 457 458
394 467 458 459
395 468 459 460
396 469 460 461
397 470 461 462
398 471 462 463
400 473 464 465
401 474 465 466
402 475 466 467
403 476 467 468
404 477 468 469
405 478 469 470
406 479 470 471
408 481 472 473
409 482 473 474
410 483 474 475
411 484 475 476
412 485 476 477
413 486 477 478
414 487 478 479
416 489 480 481
417 490 481 482
418 491 482 483
419 492 483 484
420 493 484 485
421 494 485 486
422 495 486 487
424 497 488 489
425 498 489 490
426 499 490 491
427 500 491 492
428 501 492 493
429 502 493 494
430 503 494 495
432 505 496 497
433 506 497 498
434 507 498 499
435 508 499 500
436 509 500 501
437 510 501 502
438 511 502 503
0 1 9 73
1 2 10 74
2 3 11 75
3 4 12 76
4 5 13 77
5 6 14 78
6 7 15 79
8 9 17 81
9 10 18 82
10 11 19 83
11 12 20 84
12 13 21 85
13 14 22 86
14 15 23 87
16 17 25 89
17 18 26 90
18 19 27 91
19 20 28 92
20 21 29 93
21 22 30 94
22 23 31 95
24 25 33 97
25 26 34 98
26 27 35 99
27 28 36 100
28 29 37 101
29 30 38 102
30 31 39 103
32 33 41 105
33 34 42 106
34 35 43 107
35 36 44 108
36 37 45 109
37 38 46 110
38 39 47 111
40 41 49 113
41 42 50 114
42 43 51 115
43 44 52 116
44 45 53 117
45 46 54 118
46 47 55 119
48 49 57 121
49 50 58 122
50 51 59 123
51 52 60 124
52 53 61 125
53 54 62 126
54 55 63 127
64 65 73 137
65 66 74 138
66 67 75 139
67 68 76 140
68 69 77 141
69 70 78 142
70 71 79 143
72 73 81 145
73 74 82 146
74 75 83 147
75 76 84 148
76 77 85 149
77 78 86 150
78 79 87 151
80 81 89 153
81 82 90 154
82 83 91 155
83 84 92 156
84 85 93 157
85 86 94 158
86 87 95 159
88 89 97 161
89 90 98 162
90 91 99 163
91 92 100 164
92 93 101 165
93 94 102 166
94 95 103 167
96 97 105 169
97 98 106 170
98 99 107 171
99 100 108 172
100 101 109 173
101 102 110 174
102 103 111 175
104 105 113 177
105 106 114 178
106 107 115 179
107 108 116 180
108 109 117 181
109 110 118 182
110 111 119 183
112 113 121 185
113 114 122 186
114 115 123 187
115 116 124 188
116 117 125 189
117 118 126 190
118 119 127 191
128 129 137 201
129 130 138 202
130 131 139 203
131 132 140 204
132 133 141 205
133 134 142 206
134 135 143 207
136 137 145 209
137 138 146 210
138 139 147 211
139 140 148 212
140 141 149 213
141 142 150 214
142 143 151 215
144 145 153 217
145 146 154 218
146 147 155 219
147 148 156 220
148 149 157 221
149 150 158 222
150 151 159 223
152 153 161 225
153 154 162 226
154 155 163 227
155 156 164 228
156 157 165 229
157 158 166 230
158 159 167 231
160 161 169 233
161 162 170 234
162 163 171 235
163 164 172 236
164 165 173 237
165 166 174 238
166 167 175 239
168 169 177 241
169 170 178 242
170 171 179 243
171 172 180 244
172 173 181 245
173 174 182 246
174 175 183 247
176 177 185 249
177 178 186 250
178 179 187 251
179 180 188 252
180 181 189 253
181 182 190 254
182 183 191 255
192 193 201 265
193 194 202 266
194 195 203 267
195 196 204 268
196 197 205 269
197 198 206 270
198 199 207 271
200 201 209 273
201 202 210 274
202 203 211 275
203 204 212 276
204 205 213 277
205 206 214 278
206 207 215 279
208 209 217 281
209 210 218 282
210 211 219 283
211 212 220 284
212 213 221 285
213 214 222 286
214 215 223 287
216 217 225 289
217 218 226 290
218 219 227 291
219 220 228 292
220 221 229 293
221 222 230 294
222 223 231 295
224 225 233 297
225 226 234 298
226 227 235 299
227 228 236 300
228 229 237 301
229 230 238 302
230 231 239 303
232 233 241 305
233 234 242 306
234 235 243 307
235 236 244 308
236 237 245 309
237 238 246 310
238 239 247 311
240 241 249 313
241 242 250 314
242 243 251 315
243 244 252 316
244 245 253 317
245 246 254 318
246 247 255 319
256 257 265 329
257 258 266 330
258 259 267 331
259 260 268 332
260 261 269 333
261 262 270 334
262 263 271 335
264 265 273 337
265 266 274 338
266 267 275 339
267 268 276 340
268 269 277 341
269 270 278 342
270 271 279 343
272 273 281 345
273 274 282 346
274 275 283 347
275 276 284 348
276 277 285 349
277 278 286 350
278 279 287 351
280 281 289 353
281 282 290 354
282 283 291 355
283 284 292 356
284 285 293 357
285 286 294 358
286 287 295 359
288 289 297 361
289 290 298 362
290 291 299 363
291 292 300 364
292 293 301 365
293 294 302 366
294 295 303 367
296 297 305 369
297 298 306 370
298 299 307 371
299 300 308 372
300 301 309 373
301 302 310 374
302 303 311 375
304 305 313 377
305 306 314 378
306 307 315 379
307 308 316 380
308 309 317 381
309 310 318 382
310 311 319 383
320 321 329 393
321 322 330 394
322 323 331 395
323 324 332 396
324 325 333 397
325 326 334 398
326 327 335 399
328 329 337 401
329 330 338 402
330 331 339 403
331 332 340 404
332 333 341 405
333 334 342 406
334 335 343 407
336 337 345 409
337 338 346 410
338 339 347 411
339 340 348 412
340 341 349 413
341 342 350 414
342 343 351 415
344 345 353 417
345 346 354 418
346 347 355 419
347 348 356 420
348 349 357 421
349 350 358 422
350 351 359 423
352 353 361 425
353 354 362 426
354 355 363 427
355 356 364 428
356 357 365 429
357 358 366 430
358 359 367 431
360 361 369 433
361 362 370 434
362 363 371 435
363 364 372 436
364 365 373 437
365 366 374 438
366 367 375 439
368 369 377 441
369 370 378 442
370 371 379 443
371 372 380 444
372 373 381 445
373 374 382 446
374 375 383 447
384 385 393 457
385 386 394 458
386 387 395 459
387 388 396 460
388 389 397 461
389 390 398 462
390 391 399 463
392 393 401 465
393 394 402 466
394 395 403 467
395 396 404 468
396 397 405 469
397 398 406 470
398 399 407 471
400 401 409 473
401 402 410 474
402 403 411 475
403 404 412 476
404 405 413 477
405 406 414 478
406 407 415 479
408 409 417 481
409 410 418 482
410 411 419 483
411 412 420 484
412 413 421 485
413 414 422 486
414 415 423 487
416 417 425 489
417 418 426 490
418 419 427 491
419 420 428 492
420 421 429 493
421 422 430 494
422 423 431 495
424 425 433 497
425 426 434 498
426 427 435 499
427 428 436 500
428 429 437 501
429 430 438 502
430 431 439 503
432 433 441 505
433 434 442 506
434 435 443 507
435 436 444 508
436 437 445 509
437 438 446 510
438 439 447 511
0 9 8 73
1 10 9 74
2 11 10 75
3 12 11 76
4 13 12 77
5 14 13 78
6 15 14 79
8 17 16 81
9 18 17 82
10 19 18 83
11 20 19 84
12 21 20 85
13 22 21 86
14 23 22 87
16 25 24 89
17 26 25 90
18 27 26 91
19 28 27 92
20 29 28 93
21 30 29 94
22 31 30 95
24 33 32 97
25 34 33 98
26 35 34 99
27 36 35 100
28 37 36 101
29 38 37 102
30 39 38 103
32 41 40 105
33 42 41 106
34 43 42 107
35 44 43 108
36 45 44 109
37 46 45 110
38 47 46 111
40 49 48 113
41 50 49 114
42 51 50 115
43 52 51 116
44 53 52 117
45 54 53 118
46 55 54 119
48 57 56 121
49 58 57 122
50 59 58 123
51 60 59 124
52 61 60 125
53 62 61 126
54 63 62 127
64 73 72 137
65 74 73 138
66 75 74 139
67 76 75 140
68 77 76 141
69 78 77 142
70 79 78 143
72 81 80 145
73 82 81 146
74 83 82 147
75 84 83 148
76 85 84 149
77 86 85 150
78 87 86 151
80 89 88 153
81 90 89 154
82 91 90 155
83 92 91 156
84 93 92 157
85 94 93 158
86 95 94 159
88 97 96 161
89 98 97 162
90 99 98 163
91 100 99 164
92 101 100 165
93 102 101 166
94 103 102 167
96 105 104 169
97 106 105 170
98 107 106 171
99 108 107 172
100 109 108 173
101 110 109 174
102 111 110 175
104 113 112 177
105 114 113 178
106 115 114 179
107 116 115 180
108 117 116 181
109 118 117 182
110 119 118 183
112 121 120 185
113 122 121 186
114 123 122 187
115 124 123 188
116 125 124 189
117 126 125 190
118 127 126 191
128 137 136 201
129 138 137 202
130 139 138 203
131 140 139 204
132 141 140 205
133 142 141 206
134 143 142 207
136 145 144 209
137 146 145 210
138 147 146 211
139 148 147 212
140 149 148 213
141 150 149 214
142 151 150 215
144 153 152 217
145 154 153 218
146 155 154 219
147 156 155 220
148 157 156 221
149 158 157 222
150 159 158 223
152 161 160 225
153 162 161 226
154 163 162 227
155 164 163 228
156 165 164 229
157 166 165 230
158 167 166 231
160 169 168 233
161 170 169 234
162 171 170 235
163 172 171 236
164 173 172 237
165 174 173 238
166 175 174 239
168 177 176 241
169 178 177 242
170 179 178 243
171 180 179 244
172 181 180 245
173 182 181 246
174 183 182 247
176 185 184 249
177 186 185 250
178 187 186 251
179 188 187 252
180 189 188 253
181 190 189 254
182 191 190 255
192 201 200 265
193 202 201 266
194 203 202 267
195 204 203 268
196 205 204 269
197 206 205 270
198 207 206 271
200 209 208 273
201 210 209 274
202 211 210 275
203 212 211 276
204 213 212 277
205 214 213 278
206 215 214 279
208 217 216 281
209 218 217 282
210 219 218 283
211 220 219 284
212 221 220 285
213 222 221 286
214 223 222 287
216 225 224 289
217 226 225 290
218 227 226 291
219 228 227 292
220 229 228 293
221 230 229 294
222 231 230 295
224 233 232 297
225 234 233 298
226 235 234 299
227 236 235 300
228 237 236 301
229 238 237 302
230 239 238 303
232 241 240 305
233 242 241 306
234 243 242 307
235 244 243 308
236 245 244 309
237 246 245 310
238 247 246 311
240 249 248 313
241 250 249 314
242 251 250 315
243 252 251 316
244 253 252 317
245 254 253 318
246 255 254 319
256 265 264 329
257 266 265 330
258 267 266 331
259 268 267 332
260 269 268 333
261 270 269 334
262 271 270 335
264 273 272 337
265 274 273 338
266 275 274 339
267 276 275 340
268 277 276 341
269 278 277 342
270 279 278 343
272 281 280 345
273 282 281 346
274 283 282 347
275 284 283 348
276 285 284 349
277 286 285 350
278 287 286 351
280 289 288 353
281 290 289 354
282 291 290 355
283 292 291 356
284 293 292 357
285 294 293 358
286 295 294 359
288 297 296 361
289 298 297 362
290 299 298 363
291 300 299 364
292 301 300 365
293 302 301 366
294 303 302 367
296 305 304 369
297 306 305 370
298 307 306 371
299 308 307 372
300 309 308 373
301 310 309 374
302 311 310 375
304 313 312 377
305 314 313 378
306 315 314 379
307 316 315 380
308 317 316 381
309 318 317 382
310 319 318 383
320 329 328 393
321 330 329 394
322 331 330 395
323 332 331 396
324 333 332 397
325 334 333 398
326 335 334 399
328 337 336 401
329 338 337 402
330 339 338 403
331 340 339 404
332 341 340 405
333 342 341 406
334 343 342 407
336 345 344 409
337 346 345 410
338 347 346 411
339 348 347 412
340 349 348 413
341 350 349 414
342 351 350 415
344 353 352 417
345 354 353 418
346 355 354 419
347 356 355 420
348 357 356 421
349 358 357 422
350 359 358 423
352 361 360 425
353 362 361 426
354 363 362 427
355 364 363 428
356 365 364 429
357 366 365 430
358 367 366 431
360 369 368 433
361 370 369 434
362 371 370 435
363 372 371 436
364 373 372 437
365 374 373 438
366 375 374 439
368 377 376 441
369 378 377 442
370 379 378 443
371 380 379 444
372 381 380 445
373 382 381 446
374 383 382 447
384 393 392 457
385 394 393 458
386 395 394 459
387 396 395 460
388 397 396 461
389 398 397 462
390 399 398 463
392 401 400 465
393 402 401 466
394 403 402 467
395 404 403 468
396 405 404 469
397 406 405 470
398 407 406 471
400 409 408 473
401 410 409 474
402 411 410 475
403 412 411 476
404 413 412 477
405 414 413 478
406 415 414 479
408 417 416 481
409 418 417 482
410 419 418 483
411 420 419 484
412 421 420 485
413 422 421 486
414 423 422 487
416 425 424 489
417 426 425 490
418 427 426 491
419 428 427 492
420 429 428 493
421 430 429 494
422 431 430 495
424 433 432 497
425 434 433 498
426 435 434 499
427 436 435 500
428 437 436 501
429 438 437 502
430 439 438 503
432 441 440 505
433 442 441 506
434 443 442 507
435 444 443 508
436 445 444 509
437 446 445 510
438 447 446 511
0 72 64 73
1 73 65 74
2 74 66 75
3 75 67 76
4 76 68 77
5 77 69 78
6 78 70 79
8 80 72 81
9 81 73 82
10 82 74 83
11 83 75 84
12 84 76 85
13 85 77 86
14 86 78 87
16 88 80 89
17 89 81 90
18 90 82 91
19 91 83 92
20 92 84 93
21 93 85 94
22 94 86 95
24 96 88 97
25 97 89 98
26 98 90 99
27 99 91 100
28 100 92 101
29 101 93 102
30 102 94 103
32 104 96 105
33 105 97 106
34 106 98 107
35 107 99 108
36 108 100 109
37 109 101 110
38 110 102 111
40 112 104 113
41 113 105 114
42 114 106 115
43 115 107 116
44 116 108 117
45 117 109 118
46 118 110 119
48 120 112 121
49 121 113 122
50 122 114 123
51 123 115 124
52 124 116 125
53 125 117 126
54 126 118 127
64 136 128 137
65 137 129 138
66 138 130 139
67 139 131 140
68 140 132 141
69 141 133 142
70 142 134 143
72 144 136 145
73 145 137 146
74 146 138 147
75 147 139 148
76 148 140 149
77 149 141 150
78 150 142 151
80 152 144 153
81 153 145 154
82 154 146 155
83 155 147 156
84 156 148 157
85 157 149 158
86 158 150 159
88 160 152 161
89 161 153 162
90 162 154 163
91 163 155 164
92 164 156 165
93 165 157 166
94 166 158 167
96 168 160 169
97 169 161 170
98 170 162 171
99 171 163 172
100 172 164 173
101 173 165 174
102 174 166 175
104 176 168 177
105 177 169 178
106 178 170 179
107 179 171 180
108 180 172 181
109 181 173 182
110 182 174 183
112 184 176 185
113 185 177 186
114 186 178 187
115 187 179 188
116 188 180 189
117 189 181 190
118 190 182 191
128 200 192 201
129 201 193 202
130 202 194 203
131 203 195 204
132 204 196 205
133 205 197 206
134 206 198 207
136 208 200 209
137 209 201 210
138 210 202 211
139 211 203 212
140 212 204 213
141 213 205 214
142 214 206 215
144 216 208 217
145 217 209 218
146 218 210 219
147 219 211 220
148 220 212 221
149 221 213 222
150 222 214 223
152 224 216 225
153 225 217 226
154 226 218 227
155 227 219 228
156 228 220 229
157 229 221 230
158 230 222 231
160 232 224 233
161 233 225 234
162 234 226 235
163 235 227 236
164 236 228 237
165 237 229 238
166 238 230 239
168 240 232 241
169 241 233 242
170 242 234 243
171 243 235 244
172 244 236 245
173 245 237 246
174 246 238 247
176 248 240 249
177 249 241 250
178 250 242 251
179 251 243 252
180 252 244 253
181 253 245 254
182 254 246 255
192 264 256 265
193 265 257 266
194 266 258 267
195 267 259 268
196 268 260 269
197 269 261 270
198 270 262 271
200 272 264 273
201 273 265 274
202 274 266 275
203 275 267 276
204 276 268 277
205 277 269 278
206 278 270 279
208 280 272 281
209 281 273 282
210 282 274 283
211 283 275 284
212 284 276 285
213 285 277 286
214 286 278 287
216 288 280 289
217 289 281 290
218 290 282 291
219 291 283 292
220 292 284 293
221 293 285 294
222 294 286 295
224 296 288 297
225 297 289 298
226 298 290 299
227 299 291 300
228 300 292 301
229 301 293 302
230 302 294 303
232 304 296 305
233 305 297 306
234 306 298 307
235 307 299 308
236 308 300 309
237 309 301 310
238 310 302 311
240 312 304 313
241 313 305 314
242 314 306 315
243 315 307 316
244 316 308 317
245 317 309 318
246 318 310 319
256 328 320 329
257 329 321 330
258 330 322 331
259 331 323 332
260 332 324 333
261 333 325 334
262 334 326 335
264 336 328 337
265 337 329 338
266 338 330 339
267 339 331 340
268 340 332 341
269 341 333 342
270 342 334 343
272 344 336 345
273 345 337 346
274 346 338 347
275 347 339 348
276 348 340 349
277 349 341 350
278 350 342 351
280 352 344 353
281 353 345 354
282 354 346 355
283 355 347 356
284 356 348 357
285 357 349 358
286 358 350 359
288 360 352 361
289 361 353 362
290 362 354 363
291 363 355 364
292 364 356 365
293 365 357 366
294 366 358 367
296 368 360 369
297 369 361 370
298 370 362 371
299 371 363 372
300 372 364 373
301 373 365 374
302 374 366 375
304 376 368 377
305 377 369 378
306 378 370 379
307 379 371 380
308 380 372 381
309 381 373 382
310 382 374 383
320 392 384 393
321 393 385 394
322 394 386 395
323 395 387 396
324 396 388 397
325 397 389 398
326 398 390 399
328 400 392 401
329 401 393 402
330 402 394 403
331 403 395 404
332 404 396 405
333 405 397 406
334 406 398 407
336 408 400 409
337 409 401 410
338 410 402 411
339 411 403 412
340 412 404 413
341 413 405 414
342 414 406 415
344 416 408 417
345 417 409 418
346 418 410 419
347 419 411 420
348 420 412 421
349 421 413 422
350 422 414 423
352 424 416 425
353 425 417 426
354 426 418 427
355 427 419 428
356 428 420 429
357 429 421 430
358 430 422 431
360 432 424 433
361 433 425 434
362 434 426 435
363 435 427 436
364 436 428 437
365 437 429 438
366 438 430 439
368 440 432 441
369 441 433 442
370 442 434 443
371 443 435 444
372 444 436 445
373 445 437 446
374 446 438 447
384 456 448 457
385 457 449 458
386 458 450 459
387 459 451 460
388 460 452 461
389 461 453 462
390 462 454 463
392 464 456 465
393 465 457 466
394 466 458 467
395 467 459 468
396 468 460 469
397 469 461 470
398 470 462 471
400 472 464 473
401 473 465 474
402 474 466 475
403 475 467 476
404 476 468 477
405 477 469 478
406 478 470 479
408 480 472 481
409 481 473 482
410 482 474 483
411 483 475 484
412 484 476 485
413 485 477 486
414 486 478 487
416 488 480 489
417 489 481 490
418 490 482 491
419 491 483 492
420 492 484 493
421 493 485 494
422 494 486 495
424 496 488 497
425 497 489 498
426 498 490 499
427 499 491 500
428 500 492 501
429 501 493 502
430 502 494 503
432 504 496 505
433 505 497 506
434 506 498 507
435 507 499 508
436 508 500 509
437 509 501 510
438 510 502 511
0 8 72 73
1 9 73 74
2 10 74 75
3 11 75 76
4 12 76 77
5 13 77 78
6 14 78 79
8 16 80 81
9 17 81 82
10 18 82 83
11 19 83 84
12 20 84 85
13 21 85 86
14 22 86 87
16 24 88 89
17 25 89 90
18 26 90 91
19 27 91 92
20 28 92 93
21 29 93 94
22 30 94 95
24 32 96 97
25 33 97 98
26 34 98 99
27 35 99 100
28 36 100 101
29 37 101 102
30 38 102 103
32 40 104 105
33 41 105 106
34 42 106 107
35 43 107 108
36 44 108 109
37 45 109 110
38 46 110 111
40 48 112 113
41 49 113 114
42 50 114 115
43 51 115 116
44 52 116 117
45 53 117 118
46 54 118 119
48 56 120 121
49 57 121 122
50 58 122 123
51 59 123 124
52 60 124 125
53 61 125 126
54 62 126 127
64 72 136 137
65 73 137 138
66 74 138 139
67 75 139 140
68 76 140 141
69 77 141 142
70 78 142 143
72 80 144 145
73 81 145 146
74 82 146 147
75 83 147 148
76 84 148 149
77 85 149 150
78 86 150 151
80 88 152 153
81 89 153 154
82 90 154 155
83 91 155 156
84 92 156 157
85 93 157 158
86 94 158 159
88 96 160 161
89 97 161 162
90 98 162 163
91 99 163 164
92 100 164 165
93 101 165 166
94 102 166 167
96 104 168 169
97 105 169 170
98 106 170 171
99 107 171 172
100 108 172 173
101 109 173 174
102 110 174 175
104 112 176 177
105 113 177 178
106 114 178 179
107 115 179 180
108 116 180 181
109 117 181 182
110 118 182 183
112 120 184 185
113 121 185 186
114 122 186 187
115 123 187 188
116 124 188 189
117 125 189 190
118 126 190 191
128 136 200 201
129 137 201 202
130 138 202 203
131 139 203 204
132 140 204 205
133 141 205 206
134 142 206 207
136 144 208 209
137 145 209 210
138 146 210 211
139 147 211 212
140 148 212 213
141 149 213 214
142 150 214 215
144 152 216 217
145 153 217 218
146 154 218 219
147 155 219 220
148 156 220 221
149 157 221 222
150 158 222 223
152 160 224 225
153 161 225 226
154 162 226 227
155 163 227 228
156 164 228 229
157 165 229 230
158 166 230 231
160 168 232 233
161 169 233 234
162 170 234 235
163 171 235 236
164 172 236 237
165 173 237 238
166 174 238 239
168 176 240 241
169 177 241 242
170 178 242 243
171 179 243 244
172 180 244 245
173 181 245 246
174 182 246 247
176 184 248 249
177 185 249 250
178 186 250 251
179 187 251 252
180 188 252 253
181 189 253 254
182 190 254 255
192 200 264 265
193 201 265 266
194 202 266 267
195 203 267 268
196 204 268 269
197 205 269 270
198 206 270 271
200 208 272 273
201 209 273 274
202 210 274 275
203 211 275 276
204 212 276 277
205 213 277 278
206 214 278 279
208 216 280 281
209 217 281 282
210 218 282 283
211 219 283 284
212 220 284 285
213 221 285 286
214 222 286 287
216 224 288 289
217 225 289 290
218 226 290 291
219 227 291 292
220 228 292 293
221 229 293 294
222 230 294 295
224 232 296 297
225 233 297 298
226 234 298 299
227 235 299 300
228 236 300 301
229 237 301 302
230 238 302 303
232 240 304 305
233 241 305 306
234 242 306 307
235 243 307 308
236 244 308 309
237 245 309 310
238 246 310 311
240 248 312 313
241 249 313 314
242 250 314 315
243 251 315 316
244 252 316 317
245 253 317 318
246 254 318 319
256 264 328 329
257 265 329 330
258 266 330 331
259 267 331 332
260 268 332 333
261 269 333 334
262 270 334 335
264 272 336 337
265 273 337 338
266 274 338 339
267 275 339 340
268 276 340 341
269 277 341 342
270 278 342 343
272 280 344 345
273 281 345 346
274 282 346 347
275 283 347 348
276 284 348 349
277 285 349 350
278 286 350 351
280 288 352 353
281 289 353 354
282 290 354 355
283 291 355 356
284 292 356 357
285 293 357 358
286 294 358 359
288 296 360 361
289 297 361 362
290 298 362 363
291 299 363 364
292 300 364 365
293 301 365 366
294 302 366 367
296 304 368 369
297 305 369 370
298 306 370 371
299 307 371 372
300 308 372 373
301 309 373 374
302 310 374 375
304 312 376 377
305 313 377 378
306 314 378 379
307 315 379 380
308 316 380 381
309 317 381 382
310 318 382 383
320 328 392 393
321 329 393 394
322 330 394 395
323 331 395 396
324 332 396 397
325 333 397 398
326 334 398 399
328 336 400 401
329 337 401 402
330 338 402 403
331 339 403 404
332 340 404 405
333 341 405 406
334 342 406 407
336 344 408 409
337 345 409 410
338 346 410 411
339 347 411 412
340 348 412 413
341 349 413 414
342 350 414 415
344 352 416 417
345 353 417 418
346 354 418 419
347 355 419 420
348 356 420 421
349 357 421 422
350 358 422 423
352 360 424 425
353 361 425 426
354 362 426 427
355 363 427 428
356 364 428 429
357 365 429 430
358 366 430 431
360 368 432 433
361 369 433 434
362 370 434 435
363 371 435 436
364 372 436 437
365 373 437 438
366 374 438 439
368 376 440 441
369 377 441 442
370 378 442 443
371 379 443 444
372 380 444 445
373 381 445 446
374 382 446 447
384 392 456 457
385 393 457 458
386 394 458 459
387 395 459 460
388 396 460 461
389 397 461 462
390 398 462 463
392 400 464 465
393 401 465 466
394 402 466 467
395 403 467 468
396 404 468 469
397 405 469 470
398 406 470 471
400 408 472 473
401 409 473 474
402 410 474 475
403 411 475 476
404 412 476 477
405 413 477 478
406 414 478 479
408 416 480 481
409 417 481 482
410 418 482 483
411 419 483 484
412 420 484 485
413 421 485 486
414 422 486 487
416 424 488 489
417 425 489 490
418 426 490 491
419 427 491 492
420 428 492 493
421 429 493 494
422 430 494 495
424 432 496 497
425 433 497 498
426 434 498 499
427 435 499 500
428 436 500 501
429 437 501 502
430 438 502 503
432 440 504 505
433 441 505 506
434 442 506 507
435 443 507 508
436 444 508 509
437 445 509 510
438 446 510 511
