162  4
0 1 21 17
1 2 22 18
2 3 23 19
4 5 25 21
5 6 26 22
6 7 27 23
8 9 29 25
9 10 30 26
10 11 31 27
16 17 37 33
17 18 38 34
18 19 39 35
20 21 41 37
21 22 42 38
22 23 43 39
24 25 45 41
25 26 46 42
26 27 47 43
32 33 53 49
33 34 54 50
34 35 55 51
36 37 57 53
37 38 58 54
38 39 59 55
40 41 61 57
41 42 62 58
42 43 63 59
0 21 16 17
1 22 17 18
2 23 18 19
4 25 20 21
5 26 21 22
6 27 22 23
8 29 24 25
9 30 25 26
10 31 26 27
16 37 32 33
17 38 33 34
18 39 34 35
20 41 36 37
21 42 37 38
22 43 38 39
24 45 40 41
25 46 41 42
26 47 42 43
32 53 48 49
33 54 49 50
34 55 50 51
36 57 52 53
37 58 53 54
38 59 54 55
40 61 56 57
41 62 57 58
42 63 58 59
0 1 5 21
1 2 6 22
2 3 7 23
4 5 9 25
5 6 10 26
6 7 11 27
8 9 13 29
9 10 14 30
10 11 15 31
16 17 21 37
17 18 22 38
18 19 23 39
20 21 25 41
21 22 26 42
22 23 27 43
24 25 29 45
25 26 30 46
26 27 31 47
32 33 37 53
33 34 38 54
34 35 39 55
36 37 41 57
37 38 42 58
38 39 43 59
40 41 45 61
41 42 46 62
42 43 47 63
0 5 4 21
1 6 5 22
2 7 6 23
4 9 8 25
5 10 9 26
6 11 10 27
8 13 12 29
9 14 13 30
10 15 14 31
16 21 20 37
17 22 21 38
18 23 22 39
20 25 24 41
21 26 25 42
22 27 26 43
24 29 28 45
25 30 29 46
26 31 30 47
32 37 36 53
33 38 37 54
34 39 38 55
36 41 40 57
37 42 41 58
38 43 42 59
40 45 44 61
41 46 45 62
42 47 46 63
0 20 16 21
1 21 17 22
2 22 18 23
4 24 20 25
5 25 21 26
6 26 22 27
8 28 24 29
9 29 25 30
10 30 26 31
16 36 32 37
17 37 33 38
18 38 34 39
20 40 36 41
21 41 37 42
22 42 38 43
24 44 40 45
25 45 41 46
26 46 42 47
32 52 48 53
33 53 49 54
34 54 50 55
36 56 52 57
37 57 53 58
38 58 54 59
40 60 56 61
41 61 57 62
42 62 58 63
0 4 20 21
1 5 21 22
2 6 22 23
4 8 24 25
5 9 25 26
6 10 26 27
8 12 28 29
9 13 29 30
10 14 30 31
16 20 36 37
17 21 37 38
18 22 38 39
20 24 40 41
21 25 41 42
22 26 42 43
24 28 44 45
25 29 45 46
26 30 46 47
32 36 52 53
33 37 53 54
34 38 54 55
36 40 56 57
37 41 57 58
38 42 58 59
40 44 60 61
41 45 61 62
42 46 62 63
