3375
0.000000 0.000000 0.000000
0.000000 0.007143 0.000000
0.000000 0.014286 0.000000
0.000000 0.021429 0.000000
0.000000 0.028571 0.000000
0.000000 0.035714 0.000000
0.000000 0.042857 0.000000
0.000000 0.050000 0.000000
0.000000 0.057143 0.000000
0.000000 0.064286 0.000000
0.000000 0.071429 0.000000
0.000000 0.078571 0.000000
0.000000 0.085714 0.000000
0.000000 0.092857 0.000000
0.000000 0.100000 0.000000
0.007143 0.000000 0.000000
0.007143 0.007143 0.000000
0.007143 0.014286 0.000000
0.007143 0.021429 0.000000
0.007143 0.028571 0.000000
0.007143 0.035714 0.000000
0.007143 0.042857 0.000000
0.007143 0.050000 0.000000
0.007143 0.057143 0.000000
0.007143 0.064286 0.000000
0.007143 0.071429 0.000000
0.007143 0.078571 0.000000
0.007143 0.085714 0.000000
0.007143 0.092857 0.000000
0.007143 0.100000 0.000000
0.014286 0.000000 0.000000
0.014286 0.007143 0.000000
0.014286 0.014286 0.000000
0.014286 0.021429 0.000000
0.014286 0.028571 0.000000
0.014286 0.035714 0.000000
0.014286 0.042857 0.000000
0.014286 0.050000 0.000000
0.014286 0.057143 0.000000
0.014286 0.064286 0.000000
0.014286 0.071429 0.000000
0.014286 0.078571 0.000000
0.014286 0.085714 0.000000
0.014286 0.092857 0.000000
0.014286 0.100000 0.000000
0.021429 0.000000 0.000000
0.021429 0.007143 0.000000
0.021429 0.014286 0.000000
0.021429 0.021429 0.000000
0.021429 0.028571 0.000000
0.021429 0.035714 0.000000
0.021429 0.042857 0.000000
0.021429 0.050000 0.000000
0.021429 0.057143 0.000000
0.021429 0.064286 0.000000
0.021429 0.071429 0.000000
0.021429 0.078571 0.000000
0.021429 0.085714 0.000000
0.021429 0.092857 0.000000
0.021429 0.100000 0.000000
0.028571 0.000000 0.000000
0.028571 0.007143 0.000000
0.028571 0.014286 0.000000
0.028571 0.021429 0.000000
0.028571 0.028571 0.000000
0.028571 0.035714 0.000000
0.028571 0.042857 0.000000
0.028571 0.050000 0.000000
0.028571 0.057143 0.000000
0.028571 0.064286 0.000000
0.028571 0.071429 0.000000
0.028571 0.078571 0.000000
0.028571 0.085714 0.000000
0.028571 0.092857 0.000000
0.028571 0.100000 0.000000
0.035714 0.000000 0.000000
0.035714 0.007143 0.000000
0.035714 0.014286 0.000000
0.035714 0.021429 0.000000
0.035714 0.028571 0.000000
0.035714 0.035714 0.000000
0.035714 0.042857 0.000000
0.035714 0.050000 0.000000
0.035714 0.057143 0.000000
0.035714 0.064286 0.000000
0.035714 0.071429 0.000000
0.035714 0.078571 0.000000
0.035714 0.085714 0.000000
0.035714 0.092857 0.000000
0.035714 0.100000 0.000000
0.042857 0.000000 0.000000
0.042857 0.007143 0.000000
0.042857 0.014286 0.000000
0.042857 0.021429 0.000000
0.042857 0.028571 0.000000
0.042857 0.035714 0.000000
0.042857 0.042857 0.000000
0.042857 0.050000 0.000000
0.042857 0.057143 0.000000
0.042857 0.064286 0.000000
0.042857 0.071429 0.000000
0.042857 0.078571 0.000000
0.042857 0.085714 0.000000
0.042857 0.092857 0.000000
0.042857 0.100000 0.000000
0.050000 0.000000 0.000000
0.050000 0.007143 0.000000
0.050000 0.014286 0.000000
0.050000 0.021429 0.000000
0.050000 0.028571 0.000000
0.050000 0.035714 0.000000
0.050000 0.042857 0.000000
0.050000 0.050000 0.000000
0.050000 0.057143 0.000000
0.050000 0.064286 0.000000
0.050000 0.071429 0.000000
0.050000 0.078571 0.000000
0.050000 0.085714 0.000000
0.050000 0.092857 0.000000
0.050000 0.100000 0.000000
0.057143 0.000000 0.000000
0.057143 0.007143 0.000000
0.057143 0.014286 0.000000
0.057143 0.021429 0.000000
0.057143 0.028571 0.000000
0.057143 0.035714 0.000000
0.057143 0.042857 0.000000
0.057143 0.050000 0.000000
0.057143 0.057143 0.000000
0.057143 0.064286 0.000000
0.057143 0.071429 0.000000
0.057143 0.078571 0.000000
0.057143 0.085714 0.000000
0.057143 0.092857 0.000000
0.057143 0.100000 0.000000
0.064286 0.000000 0.000000
0.064286 0.007143 0.000000
0.064286 0.014286 0.000000
0.064286 0.021429 0.000000
0.064286 0.028571 0.000000
0.064286 0.035714 0.000000
0.064286 0.042857 0.000000
0.064286 0.050000 0.000000
0.064286 0.057143 0.000000
0.064286 0.064286 0.000000
0.064286 0.071429 0.000000
0.064286 0.078571 0.000000
0.064286 0.085714 0.000000
0.064286 0.092857 0.000000
0.064286 0.100000 0.000000
0.071429 0.000000 0.000000
0.071429 0.007143 0.000000
0.071429 0.014286 0.000000
0.071429 0.021429 0.000000
0.071429 0.028571 0.000000
0.071429 0.035714 0.000000
0.071429 0.042857 0.000000
0.071429 0.050000 0.000000
0.071429 0.057143 0.000000
0.071429 0.064286 0.000000
0.071429 0.071429 0.000000
0.071429 0.078571 0.000000
0.071429 0.085714 0.000000
0.071429 0.092857 0.000000
0.071429 0.100000 0.000000
0.078571 0.000000 0.000000
0.078571 0.007143 0.000000
0.078571 0.014286 0.000000
0.078571 0.021429 0.000000
0.078571 0.028571 0.000000
0.078571 0.035714 0.000000
0.078571 0.042857 0.000000
0.078571 0.050000 0.000000
0.078571 0.057143 0.000000
0.078571 0.064286 0.000000
0.078571 0.071429 0.000000
0.078571 0.078571 0.000000
0.078571 0.085714 0.000000
0.078571 0.092857 0.000000
0.078571 0.100000 0.000000
0.085714 0.000000 0.000000
0.085714 0.007143 0.000000
0.085714 0.014286 0.000000
0.085714 0.021429 0.000000
0.085714 0.028571 0.000000
0.085714 0.035714 0.000000
0.085714 0.042857 0.000000
0.085714 0.050000 0.000000
0.085714 0.057143 0.000000
0.085714 0.064286 0.000000
0.085714 0.071429 0.000000
0.085714 0.078571 0.000000
0.085714 0.085714 0.000000
0.085714 0.092857 0.000000
0.085714 0.100000 0.000000
0.092857 0.000000 0.000000
0.092857 0.007143 0.000000
0.092857 0.014286 0.000000
0.092857 0.021429 0.000000
0.092857 0.028571 0.000000
0.092857 0.035714 0.000000
0.092857 0.042857 0.000000
0.092857 0.050000 0.000000
0.092857 0.057143 0.000000
0.092857 0.064286 0.000000
0.092857 0.071429 0.000000
0.092857 0.078571 0.000000
0.092857 0.085714 0.000000
0.092857 0.092857 0.000000
0.092857 0.100000 0.000000
0.100000 0.000000 0.000000
0.100000 0.007143 0.000000
0.100000 0.014286 0.000000
0.100000 0.021429 0.000000
0.100000 0.028571 0.000000
0.100000 0.035714 0.000000
0.100000 0.042857 0.000000
0.100000 0.050000 0.000000
0.100000 0.057143 0.000000
0.100000 0.064286 0.000000
0.100000 0.071429 0.000000
0.100000 0.078571 0.000000
0.100000 0.085714 0.000000
0.100000 0.092857 0.000000
0.100000 0.100000 0.000000
0.000000 0.000000 0.007143
0.000000 0.007143 0.007143
0.000000 0.014286 0.007143
0.000000 0.021429 0.007143
0.000000 0.028571 0.007143
0.000000 0.035714 0.007143
0.000000 0.042857 0.007143
0.000000 0.050000 0.007143
0.000000 0.057143 0.007143
0.000000 0.064286 0.007143
0.000000 0.071429 0.007143
0.000000 0.078571 0.007143
0.000000 0.085714 0.007143
0.000000 0.092857 0.007143
0.000000 0.100000 0.007143
0.007143 0.000000 0.007143
0.007143 0.007143 0.007143
0.007143 0.014286 0.007143
0.007143 0.021429 0.007143
0.007143 0.028571 0.007143
0.007143 0.035714 0.007143
0.007143 0.042857 0.007143
0.007143 0.050000 0.007143
0.007143 0.057143 0.007143
0.007143 0.064286 0.007143
0.007143 0.071429 0.007143
0.007143 0.078571 0.007143
0.007143 0.085714 0.007143
0.007143 0.092857 0.007143
0.007143 0.100000 0.007143
0.014286 0.000000 0.007143
0.014286 0.007143 0.007143
0.014286 0.014286 0.007143
0.014286 0.021429 0.007143
0.014286 0.028571 0.007143
0.014286 0.035714 0.007143
0.014286 0.042857 0.007143
0.014286 0.050000 0.007143
0.014286 0.057143 0.007143
0.014286 0.064286 0.007143
0.014286 0.071429 0.007143
0.014286 0.078571 0.007143
0.014286 0.085714 0.007143
0.014286 0.092857 0.007143
0.014286 0.100000 0.007143
0.021429 0.000000 0.007143
0.021429 0.007143 0.007143
0.021429 0.014286 0.007143
0.021429 0.021429 0.007143
0.021429 0.028571 0.007143
0.021429 0.035714 0.007143
0.021429 0.042857 0.007143
0.021429 0.050000 0.007143
0.021429 0.057143 0.007143
0.021429 0.064286 0.007143
0.021429 0.071429 0.007143
0.021429 0.078571 0.007143
0.021429 0.085714 0.007143
0.021429 0.092857 0.007143
0.021429 0.100000 0.007143
0.028571 0.000000 0.007143
0.028571 0.007143 0.007143
0.028571 0.014286 0.007143
0.028571 0.021429 0.007143
0.028571 0.028571 0.007143
0.028571 0.035714 0.007143
0.028571 0.042857 0.007143
0.028571 0.050000 0.007143
0.028571 0.057143 0.007143
0.028571 0.064286 0.007143
0.028571 0.071429 0.007143
0.028571 0.078571 0.007143
0.028571 0.085714 0.007143
0.028571 0.092857 0.007143
0.028571 0.100000 0.007143
0.035714 0.000000 0.007143
0.035714 0.007143 0.007143
0.035714 0.014286 0.007143
0.035714 0.021429 0.007143
0.035714 0.028571 0.007143
0.035714 0.035714 0.007143
0.035714 0.042857 0.007143
0.035714 0.050000 0.007143
0.035714 0.057143 0.007143
0.035714 0.064286 0.007143
0.035714 0.071429 0.007143
0.035714 0.078571 0.007143
0.035714 0.085714 0.007143
0.035714 0.092857 0.007143
0.035714 0.100000 0.007143
0.042857 0.000000 0.007143
0.042857 0.007143 0.007143
0.042857 0.014286 0.007143
0.042857 0.021429 0.007143
0.042857 0.028571 0.007143
0.042857 0.035714 0.007143
0.042857 0.042857 0.007143
0.042857 0.050000 0.007143
0.042857 0.057143 0.007143
0.042857 0.064286 0.007143
0.042857 0.071429 0.007143
0.042857 0.078571 0.007143
0.042857 0.085714 0.007143
0.042857 0.092857 0.007143
0.042857 0.100000 0.007143
0.050000 0.000000 0.007143
0.050000 0.007143 0.007143
0.050000 0.014286 0.007143
0.050000 0.021429 0.007143
0.050000 0.028571 0.007143
0.050000 0.035714 0.007143
0.050000 0.042857 0.007143
0.050000 0.050000 0.007143
0.050000 0.057143 0.007143
0.050000 0.064286 0.007143
0.050000 0.071429 0.007143
0.050000 0.078571 0.007143
0.050000 0.085714 0.007143
0.050000 0.092857 0.007143
0.050000 0.100000 0.007143
0.057143 0.000000 0.007143
0.057143 0.007143 0.007143
0.057143 0.014286 0.007143
0.057143 0.021429 0.007143
0.057143 0.028571 0.007143
0.057143 0.035714 0.007143
0.057143 0.042857 0.007143
0.057143 0.050000 0.007143
0.057143 0.057143 0.007143
0.057143 0.064286 0.007143
0.057143 0.071429 0.007143
0.057143 0.078571 0.007143
0.057143 0.085714 0.007143
0.057143 0.092857 0.007143
0.057143 0.100000 0.007143
0.064286 0.000000 0.007143
0.064286 0.007143 0.007143
0.064286 0.014286 0.007143
0.064286 0.021429 0.007143
0.064286 0.028571 0.007143
0.064286 0.035714 0.007143
0.064286 0.042857 0.007143
0.064286 0.050000 0.007143
0.064286 0.057143 0.007143
0.064286 0.064286 0.007143
0.064286 0.071429 0.007143
0.064286 0.078571 0.007143
0.064286 0.085714 0.007143
0.064286 0.092857 0.007143
0.064286 0.100000 0.007143
0.071429 0.000000 0.007143
0.071429 0.007143 0.007143
0.071429 0.014286 0.007143
0.071429 0.021429 0.007143
0.071429 0.028571 0.007143
0.071429 0.035714 0.007143
0.071429 0.042857 0.007143
0.071429 0.050000 0.007143
0.071429 0.057143 0.007143
0.071429 0.064286 0.007143
0.071429 0.071429 0.007143
0.071429 0.078571 0.007143
0.071429 0.085714 0.007143
0.071429 0.092857 0.007143
0.071429 0.100000 0.007143
0.078571 0.000000 0.007143
0.078571 0.007143 0.007143
0.078571 0.014286 0.007143
0.078571 0.021429 0.007143
0.078571 0.028571 0.007143
0.078571 0.035714 0.007143
0.078571 0.042857 0.007143
0.078571 0.050000 0.007143
0.078571 0.057143 0.007143
0.078571 0.064286 0.007143
0.078571 0.071429 0.007143
0.078571 0.078571 0.007143
0.078571 0.085714 0.007143
0.078571 0.092857 0.007143
0.078571 0.100000 0.007143
0.085714 0.000000 0.007143
0.085714 0.007143 0.007143
0.085714 0.014286 0.007143
0.085714 0.021429 0.007143
0.085714 0.028571 0.007143
0.085714 0.035714 0.007143
0.085714 0.042857 0.007143
0.085714 0.050000 0.007143
0.085714 0.057143 0.007143
0.085714 0.064286 0.007143
0.085714 0.071429 0.007143
0.085714 0.078571 0.007143
0.085714 0.085714 0.007143
0.085714 0.092857 0.007143
0.085714 0.100000 0.007143
0.092857 0.000000 0.007143
0.092857 0.007143 0.007143
0.092857 0.014286 0.007143
0.092857 0.021429 0.007143
0.092857 0.028571 0.007143
0.092857 0.035714 0.007143
0.092857 0.042857 0.007143
0.092857 0.050000 0.007143
0.092857 0.057143 0.007143
0.092857 0.064286 0.007143
0.092857 0.071429 0.007143
0.092857 0.078571 0.007143
0.092857 0.085714 0.007143
0.092857 0.092857 0.007143
0.092857 0.100000 0.007143
0.100000 0.000000 0.007143
0.100000 0.007143 0.007143
0.100000 0.014286 0.007143
0.100000 0.021429 0.007143
0.100000 0.028571 0.007143
0.100000 0.035714 0.007143
0.100000 0.042857 0.007143
0.100000 0.050000 0.007143
0.100000 0.057143 0.007143
0.100000 0.064286 0.007143
0.100000 0.071429 0.007143
0.100000 0.078571 0.007143
0.100000 0.085714 0.007143
0.100000 0.092857 0.007143
0.100000 0.100000 0.007143
0.000000 0.000000 0.014286
0.000000 0.007143 0.014286
0.000000 0.014286 0.014286
0.000000 0.021429 0.014286
0.000000 0.028571 0.014286
0.000000 0.035714 0.014286
0.000000 0.042857 0.014286
0.000000 0.050000 0.014286
0.000000 0.057143 0.014286
0.000000 0.064286 0.014286
0.000000 0.071429 0.014286
0.000000 0.078571 0.014286
0.000000 0.085714 0.014286
0.000000 0.092857 0.014286
0.000000 0.100000 0.014286
0.007143 0.000000 0.014286
0.007143 0.007143 0.014286
0.007143 0.014286 0.014286
0.007143 0.021429 0.014286
0.007143 0.028571 0.014286
0.007143 0.035714 0.014286
0.007143 0.042857 0.014286
0.007143 0.050000 0.014286
0.007143 0.057143 0.014286
0.007143 0.064286 0.014286
0.007143 0.071429 0.014286
0.007143 0.078571 0.014286
0.007143 0.085714 0.014286
0.007143 0.092857 0.014286
0.007143 0.100000 0.014286
0.014286 0.000000 0.014286
0.014286 0.007143 0.014286
0.014286 0.014286 0.014286
0.014286 0.021429 0.014286
0.014286 0.028571 0.014286
0.014286 0.035714 0.014286
0.014286 0.042857 0.014286
0.014286 0.050000 0.014286
0.014286 0.057143 0.014286
0.014286 0.064286 0.014286
0.014286 0.071429 0.014286
0.014286 0.078571 0.014286
0.014286 0.085714 0.014286
0.014286 0.092857 0.014286
0.014286 0.100000 0.014286
0.021429 0.000000 0.014286
0.021429 0.007143 0.014286
0.021429 0.014286 0.014286
0.021429 0.021429 0.014286
0.021429 0.028571 0.014286
0.021429 0.035714 0.014286
0.021429 0.042857 0.014286
0.021429 0.050000 0.014286
0.021429 0.057143 0.014286
0.021429 0.064286 0.014286
0.021429 0.071429 0.014286
0.021429 0.078571 0.014286
0.021429 0.085714 0.014286
0.021429 0.092857 0.014286
0.021429 0.100000 0.014286
0.028571 0.000000 0.014286
0.028571 0.007143 0.014286
0.028571 0.014286 0.014286
0.028571 0.021429 0.014286
0.028571 0.028571 0.014286
0.028571 0.035714 0.014286
0.028571 0.042857 0.014286
0.028571 0.050000 0.014286
0.028571 0.057143 0.014286
0.028571 0.064286 0.014286
0.028571 0.071429 0.014286
0.028571 0.078571 0.014286
0.028571 0.085714 0.014286
0.028571 0.092857 0.014286
0.028571 0.100000 0.014286
0.035714 0.000000 0.014286
0.035714 0.007143 0.014286
0.035714 0.014286 0.014286
0.035714 0.021429 0.014286
0.035714 0.028571 0.014286
0.035714 0.035714 0.014286
0.035714 0.042857 0.014286
0.035714 0.050000 0.014286
0.035714 0.057143 0.014286
0.035714 0.064286 0.014286
0.035714 0.071429 0.014286
0.035714 0.078571 0.014286
0.035714 0.085714 0.014286
0.035714 0.092857 0.014286
0.035714 0.100000 0.014286
0.042857 0.000000 0.014286
0.042857 0.007143 0.014286
0.042857 0.014286 0.014286
0.042857 0.021429 0.014286
0.042857 0.028571 0.014286
0.042857 0.035714 0.014286
0.042857 0.042857 0.014286
0.042857 0.050000 0.014286
0.042857 0.057143 0.014286
0.042857 0.064286 0.014286
0.042857 0.071429 0.014286
0.042857 0.078571 0.014286
0.042857 0.085714 0.014286
0.042857 0.092857 0.014286
0.042857 0.100000 0.014286
0.050000 0.000000 0.014286
0.050000 0.007143 0.014286
0.050000 0.014286 0.014286
0.050000 0.021429 0.014286
0.050000 0.028571 0.014286
0.050000 0.035714 0.014286
0.050000 0.042857 0.014286
0.050000 0.050000 0.014286
0.050000 0.057143 0.014286
0.050000 0.064286 0.014286
0.050000 0.071429 0.014286
0.050000 0.078571 0.014286
0.050000 0.085714 0.014286
0.050000 0.092857 0.014286
0.050000 0.100000 0.014286
0.057143 0.000000 0.014286
0.057143 0.007143 0.014286
0.057143 0.014286 0.014286
0.057143 0.021429 0.014286
0.057143 0.028571 0.014286
0.057143 0.035714 0.014286
0.057143 0.042857 0.014286
0.057143 0.050000 0.014286
0.057143 0.057143 0.014286
0.057143 0.064286 0.014286
0.057143 0.071429 0.014286
0.057143 0.078571 0.014286
0.057143 0.085714 0.014286
0.057143 0.092857 0.014286
0.057143 0.100000 0.014286
0.064286 0.000000 0.014286
0.064286 0.007143 0.014286
0.064286 0.014286 0.014286
0.064286 0.021429 0.014286
0.064286 0.028571 0.014286
0.064286 0.035714 0.014286
0.064286 0.042857 0.014286
0.064286 0.050000 0.014286
0.064286 0.057143 0.014286
0.064286 0.064286 0.014286
0.064286 0.071429 0.014286
0.064286 0.078571 0.014286
0.064286 0.085714 0.014286
0.064286 0.092857 0.014286
0.064286 0.100000 0.014286
0.071429 0.000000 0.014286
0.071429 0.007143 0.014286
0.071429 0.014286 0.014286
0.071429 0.021429 0.014286
0.071429 0.028571 0.014286
0.071429 0.035714 0.014286
0.071429 0.042857 0.014286
0.071429 0.050000 0.014286
0.071429 0.057143 0.014286
0.071429 0.064286 0.014286
0.071429 0.071429 0.014286
0.071429 0.078571 0.014286
0.071429 0.085714 0.014286
0.071429 0.092857 0.014286
0.071429 0.100000 0.014286
0.078571 0.000000 0.014286
0.078571 0.007143 0.014286
0.078571 0.014286 0.014286
0.078571 0.021429 0.014286
0.078571 0.028571 0.014286
0.078571 0.035714 0.014286
0.078571 0.042857 0.014286
0.078571 0.050000 0.014286
0.078571 0.057143 0.014286
0.078571 0.064286 0.014286
0.078571 0.071429 0.014286
0.078571 0.078571 0.014286
0.078571 0.085714 0.014286
0.078571 0.092857 0.014286
0.078571 0.100000 0.014286
0.085714 0.000000 0.014286
0.085714 0.007143 0.014286
0.085714 0.014286 0.014286
0.085714 0.021429 0.014286
0.085714 0.028571 0.014286
0.085714 0.035714 0.014286
0.085714 0.042857 0.014286
0.085714 0.050000 0.014286
0.085714 0.057143 0.014286
0.085714 0.064286 0.014286
0.085714 0.071429 0.014286
0.085714 0.078571 0.014286
0.085714 0.085714 0.014286
0.085714 0.092857 0.014286
0.085714 0.100000 0.014286
0.092857 0.000000 0.014286
0.092857 0.007143 0.014286
0.092857 0.014286 0.014286
0.092857 0.021429 0.014286
0.092857 0.028571 0.014286
0.092857 0.035714 0.014286
0.092857 0.042857 0.014286
0.092857 0.050000 0.014286
0.092857 0.057143 0.014286
0.092857 0.064286 0.014286
0.092857 0.071429 0.014286
0.092857 0.078571 0.014286
0.092857 0.085714 0.014286
0.092857 0.092857 0.014286
0.092857 0.100000 0.014286
0.100000 0.000000 0.014286
0.100000 0.007143 0.014286
0.100000 0.014286 0.014286
0.100000 0.021429 0.014286
0.100000 0.028571 0.014286
0.100000 0.035714 0.014286
0.100000 0.042857 0.014286
0.100000 0.050000 0.014286
0.100000 0.057143 0.014286
0.100000 0.064286 0.014286
0.100000 0.071429 0.014286
0.100000 0.078571 0.014286
0.100000 0.085714 0.014286
0.100000 0.092857 0.014286
0.100000 0.100000 0.014286
0.000000 0.000000 0.021429
0.000000 0.007143 0.021429
0.000000 0.014286 0.021429
0.000000 0.021429 0.021429
0.000000 0.028571 0.021429
0.000000 0.035714 0.021429
0.000000 0.042857 0.021429
0.000000 0.050000 0.021429
0.000000 0.057143 0.021429
0.000000 0.064286 0.021429
0.000000 0.071429 0.021429
0.000000 0.078571 0.021429
0.000000 0.085714 0.021429
0.000000 0.092857 0.021429
0.000000 0.100000 0.021429
0.007143 0.000000 0.021429
0.007143 0.007143 0.021429
0.007143 0.014286 0.021429
0.007143 0.021429 0.021429
0.007143 0.028571 0.021429
0.007143 0.035714 0.021429
0.007143 0.042857 0.021429
0.007143 0.050000 0.021429
0.007143 0.057143 0.021429
0.007143 0.064286 0.021429
0.007143 0.071429 0.021429
0.007143 0.078571 0.021429
0.007143 0.085714 0.021429
0.007143 0.092857 0.021429
0.007143 0.100000 0.021429
0.014286 0.000000 0.021429
0.014286 0.007143 0.021429
0.014286 0.014286 0.021429
0.014286 0.021429 0.021429
0.014286 0.028571 0.021429
0.014286 0.035714 0.021429
0.014286 0.042857 0.021429
0.014286 0.050000 0.021429
0.014286 0.057143 0.021429
0.014286 0.064286 0.021429
0.014286 0.071429 0.021429
0.014286 0.078571 0.021429
0.014286 0.085714 0.021429
0.014286 0.092857 0.021429
0.014286 0.100000 0.021429
0.021429 0.000000 0.021429
0.021429 0.007143 0.021429
0.021429 0.014286 0.021429
0.021429 0.021429 0.021429
0.021429 0.028571 0.021429
0.021429 0.035714 0.021429
0.021429 0.042857 0.021429
0.021429 0.050000 0.021429
0.021429 0.057143 0.021429
0.021429 0.064286 0.021429
0.021429 0.071429 0.021429
0.021429 0.078571 0.021429
0.021429 0.085714 0.021429
0.021429 0.092857 0.021429
0.021429 0.100000 0.021429
0.028571 0.000000 0.021429
0.028571 0.007143 0.021429
0.028571 0.014286 0.021429
0.028571 0.021429 0.021429
0.028571 0.028571 0.021429
0.028571 0.035714 0.021429
0.028571 0.042857 0.021429
0.028571 0.050000 0.021429
0.028571 0.057143 0.021429
0.028571 0.064286 0.021429
0.028571 0.071429 0.021429
0.028571 0.078571 0.021429
0.028571 0.085714 0.021429
0.028571 0.092857 0.021429
0.028571 0.100000 0.021429
0.035714 0.000000 0.021429
0.035714 0.007143 0.021429
0.035714 0.014286 0.021429
0.035714 0.021429 0.021429
0.035714 0.028571 0.021429
0.035714 0.035714 0.021429
0.035714 0.042857 0.021429
0.035714 0.050000 0.021429
0.035714 0.057143 0.021429
0.035714 0.064286 0.021429
0.035714 0.071429 0.021429
0.035714 0.078571 0.021429
0.035714 0.085714 0.021429
0.035714 0.092857 0.021429
0.035714 0.100000 0.021429
0.042857 0.000000 0.021429
0.042857 0.007143 0.021429
0.042857 0.014286 0.021429
0.042857 0.021429 0.021429
0.042857 0.028571 0.021429
0.042857 0.035714 0.021429
0.042857 0.042857 0.021429
0.042857 0.050000 0.021429
0.042857 0.057143 0.021429
0.042857 0.064286 0.021429
0.042857 0.071429 0.021429
0.042857 0.078571 0.021429
0.042857 0.085714 0.021429
0.042857 0.092857 0.021429
0.042857 0.100000 0.021429
0.050000 0.000000 0.021429
0.050000 0.007143 0.021429
0.050000 0.014286 0.021429
0.050000 0.021429 0.021429
0.050000 0.028571 0.021429
0.050000 0.035714 0.021429
0.050000 0.042857 0.021429
0.050000 0.050000 0.021429
0.050000 0.057143 0.021429
0.050000 0.064286 0.021429
0.050000 0.071429 0.021429
0.050000 0.078571 0.021429
0.050000 0.085714 0.021429
0.050000 0.092857 0.021429
0.050000 0.100000 0.021429
0.057143 0.000000 0.021429
0.057143 0.007143 0.021429
0.057143 0.014286 0.021429
0.057143 0.021429 0.021429
0.057143 0.028571 0.021429
0.057143 0.035714 0.021429
0.057143 0.042857 0.021429
0.057143 0.050000 0.021429
0.057143 0.057143 0.021429
0.057143 0.064286 0.021429
0.057143 0.071429 0.021429
0.057143 0.078571 0.021429
0.057143 0.085714 0.021429
0.057143 0.092857 0.021429
0.057143 0.100000 0.021429
0.064286 0.000000 0.021429
0.064286 0.007143 0.021429
0.064286 0.014286 0.021429
0.064286 0.021429 0.021429
0.064286 0.028571 0.021429
0.064286 0.035714 0.021429
0.064286 0.042857 0.021429
0.064286 0.050000 0.021429
0.064286 0.057143 0.021429
0.064286 0.064286 0.021429
0.064286 0.071429 0.021429
0.064286 0.078571 0.021429
0.064286 0.085714 0.021429
0.064286 0.092857 0.021429
0.064286 0.100000 0.021429
0.071429 0.000000 0.021429
0.071429 0.007143 0.021429
0.071429 0.014286 0.021429
0.071429 0.021429 0.021429
0.071429 0.028571 0.021429
0.071429 0.035714 0.021429
0.071429 0.042857 0.021429
0.071429 0.050000 0.021429
0.071429 0.057143 0.021429
0.071429 0.064286 0.021429
0.071429 0.071429 0.021429
0.071429 0.078571 0.021429
0.071429 0.085714 0.021429
0.071429 0.092857 0.021429
0.071429 0.100000 0.021429
0.078571 0.000000 0.021429
0.078571 0.007143 0.021429
0.078571 0.014286 0.021429
0.078571 0.021429 0.021429
0.078571 0.028571 0.021429
0.078571 0.035714 0.021429
0.078571 0.042857 0.021429
0.078571 0.050000 0.021429
0.078571 0.057143 0.021429
0.078571 0.064286 0.021429
0.078571 0.071429 0.021429
0.078571 0.078571 0.021429
0.078571 0.085714 0.021429
0.078571 0.092857 0.021429
0.078571 0.100000 0.021429
0.085714 0.000000 0.021429
0.085714 0.007143 0.021429
0.085714 0.014286 0.021429
0.085714 0.021429 0.021429
0.085714 0.028571 0.021429
0.085714 0.035714 0.021429
0.085714 0.042857 0.021429
0.085714 0.050000 0.021429
0.085714 0.057143 0.021429
0.085714 0.064286 0.021429
0.085714 0.071429 0.021429
0.085714 0.078571 0.021429
0.085714 0.085714 0.021429
0.085714 0.092857 0.021429
0.085714 0.100000 0.021429
0.092857 0.000000 0.021429
0.092857 0.007143 0.021429
0.092857 0.014286 0.021429
0.092857 0.021429 0.021429
0.092857 0.028571 0.021429
0.092857 0.035714 0.021429
0.092857 0.042857 0.021429
0.092857 0.050000 0.021429
0.092857 0.057143 0.021429
0.092857 0.064286 0.021429
0.092857 0.071429 0.021429
0.092857 0.078571 0.021429
0.092857 0.085714 0.021429
0.092857 0.092857 0.021429
0.092857 0.100000 0.021429
0.100000 0.000000 0.021429
0.100000 0.007143 0.021429
0.100000 0.014286 0.021429
0.100000 0.021429 0.021429
0.100000 0.028571 0.021429
0.100000 0.035714 0.021429
0.100000 0.042857 0.021429
0.100000 0.050000 0.021429
0.100000 0.057143 0.021429
0.100000 0.064286 0.021429
0.100000 0.071429 0.021429
0.100000 0.078571 0.021429
0.100000 0.085714 0.021429
0.100000 0.092857 0.021429
0.100000 0.100000 0.021429
0.000000 0.000000 0.028571
0.000000 0.007143 0.028571
0.000000 0.014286 0.028571
0.000000 0.021429 0.028571
0.000000 0.028571 0.028571
0.000000 0.035714 0.028571
0.000000 0.042857 0.028571
0.000000 0.050000 0.028571
0.000000 0.057143 0.028571
0.000000 0.064286 0.028571
0.000000 0.071429 0.028571
0.000000 0.078571 0.028571
0.000000 0.085714 0.028571
0.000000 0.092857 0.028571
0.000000 0.100000 0.028571
0.007143 0.000000 0.028571
0.007143 0.007143 0.028571
0.007143 0.014286 0.028571
0.007143 0.021429 0.028571
0.007143 0.028571 0.028571
0.007143 0.035714 0.028571
0.007143 0.042857 0.028571
0.007143 0.050000 0.028571
0.007143 0.057143 0.028571
0.007143 0.064286 0.028571
0.007143 0.071429 0.028571
0.007143 0.078571 0.028571
0.007143 0.085714 0.028571
0.007143 0.092857 0.028571
0.007143 0.100000 0.028571
0.014286 0.000000 0.028571
0.014286 0.007143 0.028571
0.014286 0.014286 0.028571
0.014286 0.021429 0.028571
0.014286 0.028571 0.028571
0.014286 0.035714 0.028571
0.014286 0.042857 0.028571
0.014286 0.050000 0.028571
0.014286 0.057143 0.028571
0.014286 0.064286 0.028571
0.014286 0.071429 0.028571
0.014286 0.078571 0.028571
0.014286 0.085714 0.028571
0.014286 0.092857 0.028571
0.014286 0.100000 0.028571
0.021429 0.000000 0.028571
0.021429 0.007143 0.028571
0.021429 0.014286 0.028571
0.021429 0.021429 0.028571
0.021429 0.028571 0.028571
0.021429 0.035714 0.028571
0.021429 0.042857 0.028571
0.021429 0.050000 0.028571
0.021429 0.057143 0.028571
0.021429 0.064286 0.028571
0.021429 0.071429 0.028571
0.021429 0.078571 0.028571
0.021429 0.085714 0.028571
0.021429 0.092857 0.028571
0.021429 0.100000 0.028571
0.028571 0.000000 0.028571
0.028571 0.007143 0.028571
0.028571 0.014286 0.028571
0.028571 0.021429 0.028571
0.028571 0.028571 0.028571
0.028571 0.035714 0.028571
0.028571 0.042857 0.028571
0.028571 0.050000 0.028571
0.028571 0.057143 0.028571
0.028571 0.064286 0.028571
0.028571 0.071429 0.028571
0.028571 0.078571 0.028571
0.028571 0.085714 0.028571
0.028571 0.092857 0.028571
0.028571 0.100000 0.028571
0.035714 0.000000 0.028571
0.035714 0.007143 0.028571
0.035714 0.014286 0.028571
0.035714 0.021429 0.028571
0.035714 0.028571 0.028571
0.035714 0.035714 0.028571
0.035714 0.042857 0.028571
0.035714 0.050000 0.028571
0.035714 0.057143 0.028571
0.035714 0.064286 0.028571
0.035714 0.071429 0.028571
0.035714 0.078571 0.028571
0.035714 0.085714 0.028571
0.035714 0.092857 0.028571
0.035714 0.100000 0.028571
0.042857 0.000000 0.028571
0.042857 0.007143 0.028571
0.042857 0.014286 0.028571
0.042857 0.021429 0.028571
0.042857 0.028571 0.028571
0.042857 0.035714 0.028571
0.042857 0.042857 0.028571
0.042857 0.050000 0.028571
0.042857 0.057143 0.028571
0.042857 0.064286 0.028571
0.042857 0.071429 0.028571
0.042857 0.078571 0.028571
0.042857 0.085714 0.028571
0.042857 0.092857 0.028571
0.042857 0.100000 0.028571
0.050000 0.000000 0.028571
0.050000 0.007143 0.028571
0.050000 0.014286 0.028571
0.050000 0.021429 0.028571
0.050000 0.028571 0.028571
0.050000 0.035714 0.028571
0.050000 0.042857 0.028571
0.050000 0.050000 0.028571
0.050000 0.057143 0.028571
0.050000 0.064286 0.028571
0.050000 0.071429 0.028571
0.050000 0.078571 0.028571
0.050000 0.085714 0.028571
0.050000 0.092857 0.028571
0.050000 0.100000 0.028571
0.057143 0.000000 0.028571
0.057143 0.007143 0.028571
0.057143 0.014286 0.028571
0.057143 0.021429 0.028571
0.057143 0.028571 0.028571
0.057143 0.035714 0.028571
0.057143 0.042857 0.028571
0.057143 0.050000 0.028571
0.057143 0.057143 0.028571
0.057143 0.064286 0.028571
0.057143 0.071429 0.028571
0.057143 0.078571 0.028571
0.057143 0.085714 0.028571
0.057143 0.092857 0.028571
0.057143 0.100000 0.028571
0.064286 0.000000 0.028571
0.064286 0.007143 0.028571
0.064286 0.014286 0.028571
0.064286 0.021429 0.028571
0.064286 0.028571 0.028571
0.064286 0.035714 0.028571
0.064286 0.042857 0.028571
0.064286 0.050000 0.028571
0.064286 0.057143 0.028571
0.064286 0.064286 0.028571
0.064286 0.071429 0.028571
0.064286 0.078571 0.028571
0.064286 0.085714 0.028571
0.064286 0.092857 0.028571
0.064286 0.100000 0.028571
0.071429 0.000000 0.028571
0.071429 0.007143 0.028571
0.071429 0.014286 0.028571
0.071429 0.021429 0.028571
0.071429 0.028571 0.028571
0.071429 0.035714 0.028571
0.071429 0.042857 0.028571
0.071429 0.050000 0.028571
0.071429 0.057143 0.028571
0.071429 0.064286 0.028571
0.071429 0.071429 0.028571
0.071429 0.078571 0.028571
0.071429 0.085714 0.028571
0.071429 0.092857 0.028571
0.071429 0.100000 0.028571
0.078571 0.000000 0.028571
0.078571 0.007143 0.028571
0.078571 0.014286 0.028571
0.078571 0.021429 0.028571
0.078571 0.028571 0.028571
0.078571 0.035714 0.028571
0.078571 0.042857 0.028571
0.078571 0.050000 0.028571
0.078571 0.057143 0.028571
0.078571 0.064286 0.028571
0.078571 0.071429 0.028571
0.078571 0.078571 0.028571
0.078571 0.085714 0.028571
0.078571 0.092857 0.028571
0.078571 0.100000 0.028571
0.085714 0.000000 0.028571
0.085714 0.007143 0.028571
0.085714 0.014286 0.028571
0.085714 0.021429 0.028571
0.085714 0.028571 0.028571
0.085714 0.035714 0.028571
0.085714 0.042857 0.028571
0.085714 0.050000 0.028571
0.085714 0.057143 0.028571
0.085714 0.064286 0.028571
0.085714 0.071429 0.028571
0.085714 0.078571 0.028571
0.085714 0.085714 0.028571
0.085714 0.092857 0.028571
0.085714 0.100000 0.028571
0.092857 0.000000 0.028571
0.092857 0.007143 0.028571
0.092857 0.014286 0.028571
0.092857 0.021429 0.028571
0.092857 0.028571 0.028571
0.092857 0.035714 0.028571
0.092857 0.042857 0.028571
0.092857 0.050000 0.028571
0.092857 0.057143 0.028571
0.092857 0.064286 0.028571
0.092857 0.071429 0.028571
0.092857 0.078571 0.028571
0.092857 0.085714 0.028571
0.092857 0.092857 0.028571
0.092857 0.100000 0.028571
0.100000 0.000000 0.028571
0.100000 0.007143 0.028571
0.100000 0.014286 0.028571
0.100000 0.021429 0.028571
0.100000 0.028571 0.028571
0.100000 0.035714 0.028571
0.100000 0.042857 0.028571
0.100000 0.050000 0.028571
0.100000 0.057143 0.028571
0.100000 0.064286 0.028571
0.100000 0.071429 0.028571
0.100000 0.078571 0.028571
0.100000 0.085714 0.028571
0.100000 0.092857 0.028571
0.100000 0.100000 0.028571
0.000000 0.000000 0.035714
0.000000 0.007143 0.035714
0.000000 0.014286 0.035714
0.000000 0.021429 0.035714
0.000000 0.028571 0.035714
0.000000 0.035714 0.035714
0.000000 0.042857 0.035714
0.000000 0.050000 0.035714
0.000000 0.057143 0.035714
0.000000 0.064286 0.035714
0.000000 0.071429 0.035714
0.000000 0.078571 0.035714
0.000000 0.085714 0.035714
0.000000 0.092857 0.035714
0.000000 0.100000 0.035714
0.007143 0.000000 0.035714
0.007143 0.007143 0.035714
0.007143 0.014286 0.035714
0.007143 0.021429 0.035714
0.007143 0.028571 0.035714
0.007143 0.035714 0.035714
0.007143 0.042857 0.035714
0.007143 0.050000 0.035714
0.007143 0.057143 0.035714
0.007143 0.064286 0.035714
0.007143 0.071429 0.035714
0.007143 0.078571 0.035714
0.007143 0.085714 0.035714
0.007143 0.092857 0.035714
0.007143 0.100000 0.035714
0.014286 0.000000 0.035714
0.014286 0.007143 0.035714
0.014286 0.014286 0.035714
0.014286 0.021429 0.035714
0.014286 0.028571 0.035714
0.014286 0.035714 0.035714
0.014286 0.042857 0.035714
0.014286 0.050000 0.035714
0.014286 0.057143 0.035714
0.014286 0.064286 0.035714
0.014286 0.071429 0.035714
0.014286 0.078571 0.035714
0.014286 0.085714 0.035714
0.014286 0.092857 0.035714
0.014286 0.100000 0.035714
0.021429 0.000000 0.035714
0.021429 0.007143 0.035714
0.021429 0.014286 0.035714
0.021429 0.021429 0.035714
0.021429 0.028571 0.035714
0.021429 0.035714 0.035714
0.021429 0.042857 0.035714
0.021429 0.050000 0.035714
0.021429 0.057143 0.035714
0.021429 0.064286 0.035714
0.021429 0.071429 0.035714
0.021429 0.078571 0.035714
0.021429 0.085714 0.035714
0.021429 0.092857 0.035714
0.021429 0.100000 0.035714
0.028571 0.000000 0.035714
0.028571 0.007143 0.035714
0.028571 0.014286 0.035714
0.028571 0.021429 0.035714
0.028571 0.028571 0.035714
0.028571 0.035714 0.035714
0.028571 0.042857 0.035714
0.028571 0.050000 0.035714
0.028571 0.057143 0.035714
0.028571 0.064286 0.035714
0.028571 0.071429 0.035714
0.028571 0.078571 0.035714
0.028571 0.085714 0.035714
0.028571 0.092857 0.035714
0.028571 0.100000 0.035714
0.035714 0.000000 0.035714
0.035714 0.007143 0.035714
0.035714 0.014286 0.035714
0.035714 0.021429 0.035714
0.035714 0.028571 0.035714
0.035714 0.035714 0.035714
0.035714 0.042857 0.035714
0.035714 0.050000 0.035714
0.035714 0.057143 0.035714
0.035714 0.064286 0.035714
0.035714 0.071429 0.035714
0.035714 0.078571 0.035714
0.035714 0.085714 0.035714
0.035714 0.092857 0.035714
0.035714 0.100000 0.035714
0.042857 0.000000 0.035714
0.042857 0.007143 0.035714
0.042857 0.014286 0.035714
0.042857 0.021429 0.035714
0.042857 0.028571 0.035714
0.042857 0.035714 0.035714
0.042857 0.042857 0.035714
0.042857 0.050000 0.035714
0.042857 0.057143 0.035714
0.042857 0.064286 0.035714
0.042857 0.071429 0.035714
0.042857 0.078571 0.035714
0.042857 0.085714 0.035714
0.042857 0.092857 0.035714
0.042857 0.100000 0.035714
0.050000 0.000000 0.035714
0.050000 0.007143 0.035714
0.050000 0.014286 0.035714
0.050000 0.021429 0.035714
0.050000 0.028571 0.035714
0.050000 0.035714 0.035714
0.050000 0.042857 0.035714
0.050000 0.050000 0.035714
0.050000 0.057143 0.035714
0.050000 0.064286 0.035714
0.050000 0.071429 0.035714
0.050000 0.078571 0.035714
0.050000 0.085714 0.035714
0.050000 0.092857 0.035714
0.050000 0.100000 0.035714
0.057143 0.000000 0.035714
0.057143 0.007143 0.035714
0.057143 0.014286 0.035714
0.057143 0.021429 0.035714
0.057143 0.028571 0.035714
0.057143 0.035714 0.035714
0.057143 0.042857 0.035714
0.057143 0.050000 0.035714
0.057143 0.057143 0.035714
0.057143 0.064286 0.035714
0.057143 0.071429 0.035714
0.057143 0.078571 0.035714
0.057143 0.085714 0.035714
0.057143 0.092857 0.035714
0.057143 0.100000 0.035714
0.064286 0.000000 0.035714
0.064286 0.007143 0.035714
0.064286 0.014286 0.035714
0.064286 0.021429 0.035714
0.064286 0.028571 0.035714
0.064286 0.035714 0.035714
0.064286 0.042857 0.035714
0.064286 0.050000 0.035714
0.064286 0.057143 0.035714
0.064286 0.064286 0.035714
0.064286 0.071429 0.035714
0.064286 0.078571 0.035714
0.064286 0.085714 0.035714
0.064286 0.092857 0.035714
0.064286 0.100000 0.035714
0.071429 0.000000 0.035714
0.071429 0.007143 0.035714
0.071429 0.014286 0.035714
0.071429 0.021429 0.035714
0.071429 0.028571 0.035714
0.071429 0.035714 0.035714
0.071429 0.042857 0.035714
0.071429 0.050000 0.035714
0.071429 0.057143 0.035714
0.071429 0.064286 0.035714
0.071429 0.071429 0.035714
0.071429 0.078571 0.035714
0.071429 0.085714 0.035714
0.071429 0.092857 0.035714
0.071429 0.100000 0.035714
0.078571 0.000000 0.035714
0.078571 0.007143 0.035714
0.078571 0.014286 0.035714
0.078571 0.021429 0.035714
0.078571 0.028571 0.035714
0.078571 0.035714 0.035714
0.078571 0.042857 0.035714
0.078571 0.050000 0.035714
0.078571 0.057143 0.035714
0.078571 0.064286 0.035714
0.078571 0.071429 0.035714
0.078571 0.078571 0.035714
0.078571 0.085714 0.035714
0.078571 0.092857 0.035714
0.078571 0.100000 0.035714
0.085714 0.000000 0.035714
0.085714 0.007143 0.035714
0.085714 0.014286 0.035714
0.085714 0.021429 0.035714
0.085714 0.028571 0.035714
0.085714 0.035714 0.035714
0.085714 0.042857 0.035714
0.085714 0.050000 0.035714
0.085714 0.057143 0.035714
0.085714 0.064286 0.035714
0.085714 0.071429 0.035714
0.085714 0.078571 0.035714
0.085714 0.085714 0.035714
0.085714 0.092857 0.035714
0.085714 0.100000 0.035714
0.092857 0.000000 0.035714
0.092857 0.007143 0.035714
0.092857 0.014286 0.035714
0.092857 0.021429 0.035714
0.092857 0.028571 0.035714
0.092857 0.035714 0.035714
0.092857 0.042857 0.035714
0.092857 0.050000 0.035714
0.092857 0.057143 0.035714
0.092857 0.064286 0.035714
0.092857 0.071429 0.035714
0.092857 0.078571 0.035714
0.092857 0.085714 0.035714
0.092857 0.092857 0.035714
0.092857 0.100000 0.035714
0.100000 0.000000 0.035714
0.100000 0.007143 0.035714
0.100000 0.014286 0.035714
0.100000 0.021429 0.035714
0.100000 0.028571 0.035714
0.100000 0.035714 0.035714
0.100000 0.042857 0.035714
0.100000 0.050000 0.035714
0.100000 0.057143 0.035714
0.100000 0.064286 0.035714
0.100000 0.071429 0.035714
0.100000 0.078571 0.035714
0.100000 0.085714 0.035714
0.100000 0.092857 0.035714
0.100000 0.100000 0.035714
0.000000 0.000000 0.042857
0.000000 0.007143 0.042857
0.000000 0.014286 0.042857
0.000000 0.021429 0.042857
0.000000 0.028571 0.042857
0.000000 0.035714 0.042857
0.000000 0.042857 0.042857
0.000000 0.050000 0.042857
0.000000 0.057143 0.042857
0.000000 0.064286 0.042857
0.000000 0.071429 0.042857
0.000000 0.078571 0.042857
0.000000 0.085714 0.042857
0.000000 0.092857 0.042857
0.000000 0.100000 0.042857
0.007143 0.000000 0.042857
0.007143 0.007143 0.042857
0.007143 0.014286 0.042857
0.007143 0.021429 0.042857
0.007143 0.028571 0.042857
0.007143 0.035714 0.042857
0.007143 0.042857 0.042857
0.007143 0.050000 0.042857
0.007143 0.057143 0.042857
0.007143 0.064286 0.042857
0.007143 0.071429 0.042857
0.007143 0.078571 0.042857
0.007143 0.085714 0.042857
0.007143 0.092857 0.042857
0.007143 0.100000 0.042857
0.014286 0.000000 0.042857
0.014286 0.007143 0.042857
0.014286 0.014286 0.042857
0.014286 0.021429 0.042857
0.014286 0.028571 0.042857
0.014286 0.035714 0.042857
0.014286 0.042857 0.042857
0.014286 0.050000 0.042857
0.014286 0.057143 0.042857
0.014286 0.064286 0.042857
0.014286 0.071429 0.042857
0.014286 0.078571 0.042857
0.014286 0.085714 0.042857
0.014286 0.092857 0.042857
0.014286 0.100000 0.042857
0.021429 0.000000 0.042857
0.021429 0.007143 0.042857
0.021429 0.014286 0.042857
0.021429 0.021429 0.042857
0.021429 0.028571 0.042857
0.021429 0.035714 0.042857
0.021429 0.042857 0.042857
0.021429 0.050000 0.042857
0.021429 0.057143 0.042857
0.021429 0.064286 0.042857
0.021429 0.071429 0.042857
0.021429 0.078571 0.042857
0.021429 0.085714 0.042857
0.021429 0.092857 0.042857
0.021429 0.100000 0.042857
0.028571 0.000000 0.042857
0.028571 0.007143 0.042857
0.028571 0.014286 0.042857
0.028571 0.021429 0.042857
0.028571 0.028571 0.042857
0.028571 0.035714 0.042857
0.028571 0.042857 0.042857
0.028571 0.050000 0.042857
0.028571 0.057143 0.042857
0.028571 0.064286 0.042857
0.028571 0.071429 0.042857
0.028571 0.078571 0.042857
0.028571 0.085714 0.042857
0.028571 0.092857 0.042857
0.028571 0.100000 0.042857
0.035714 0.000000 0.042857
0.035714 0.007143 0.042857
0.035714 0.014286 0.042857
0.035714 0.021429 0.042857
0.035714 0.028571 0.042857
0.035714 0.035714 0.042857
0.035714 0.042857 0.042857
0.035714 0.050000 0.042857
0.035714 0.057143 0.042857
0.035714 0.064286 0.042857
0.035714 0.071429 0.042857
0.035714 0.078571 0.042857
0.035714 0.085714 0.042857
0.035714 0.092857 0.042857
0.035714 0.100000 0.042857
0.042857 0.000000 0.042857
0.042857 0.007143 0.042857
0.042857 0.014286 0.042857
0.042857 0.021429 0.042857
0.042857 0.028571 0.042857
0.042857 0.035714 0.042857
0.042857 0.042857 0.042857
0.042857 0.050000 0.042857
0.042857 0.057143 0.042857
0.042857 0.064286 0.042857
0.042857 0.071429 0.042857
0.042857 0.078571 0.042857
0.042857 0.085714 0.042857
0.042857 0.092857 0.042857
0.042857 0.100000 0.042857
0.050000 0.000000 0.042857
0.050000 0.007143 0.042857
0.050000 0.014286 0.042857
0.050000 0.021429 0.042857
0.050000 0.028571 0.042857
0.050000 0.035714 0.042857
0.050000 0.042857 0.042857
0.050000 0.050000 0.042857
0.050000 0.057143 0.042857
0.050000 0.064286 0.042857
0.050000 0.071429 0.042857
0.050000 0.078571 0.042857
0.050000 0.085714 0.042857
0.050000 0.092857 0.042857
0.050000 0.100000 0.042857
0.057143 0.000000 0.042857
0.057143 0.007143 0.042857
0.057143 0.014286 0.042857
0.057143 0.021429 0.042857
0.057143 0.028571 0.042857
0.057143 0.035714 0.042857
0.057143 0.042857 0.042857
0.057143 0.050000 0.042857
0.057143 0.057143 0.042857
0.057143 0.064286 0.042857
0.057143 0.071429 0.042857
0.057143 0.078571 0.042857
0.057143 0.085714 0.042857
0.057143 0.092857 0.042857
0.057143 0.100000 0.042857
0.064286 0.000000 0.042857
0.064286 0.007143 0.042857
0.064286 0.014286 0.042857
0.064286 0.021429 0.042857
0.064286 0.028571 0.042857
0.064286 0.035714 0.042857
0.064286 0.042857 0.042857
0.064286 0.050000 0.042857
0.064286 0.057143 0.042857
0.064286 0.064286 0.042857
0.064286 0.071429 0.042857
0.064286 0.078571 0.042857
0.064286 0.085714 0.042857
0.064286 0.092857 0.042857
0.064286 0.100000 0.042857
0.071429 0.000000 0.042857
0.071429 0.007143 0.042857
0.071429 0.014286 0.042857
0.071429 0.021429 0.042857
0.071429 0.028571 0.042857
0.071429 0.035714 0.042857
0.071429 0.042857 0.042857
0.071429 0.050000 0.042857
0.071429 0.057143 0.042857
0.071429 0.064286 0.042857
0.071429 0.071429 0.042857
0.071429 0.078571 0.042857
0.071429 0.085714 0.042857
0.071429 0.092857 0.042857
0.071429 0.100000 0.042857
0.078571 0.000000 0.042857
0.078571 0.007143 0.042857
0.078571 0.014286 0.042857
0.078571 0.021429 0.042857
0.078571 0.028571 0.042857
0.078571 0.035714 0.042857
0.078571 0.042857 0.042857
0.078571 0.050000 0.042857
0.078571 0.057143 0.042857
0.078571 0.064286 0.042857
0.078571 0.071429 0.042857
0.078571 0.078571 0.042857
0.078571 0.085714 0.042857
0.078571 0.092857 0.042857
0.078571 0.100000 0.042857
0.085714 0.000000 0.042857
0.085714 0.007143 0.042857
0.085714 0.014286 0.042857
0.085714 0.021429 0.042857
0.085714 0.028571 0.042857
0.085714 0.035714 0.042857
0.085714 0.042857 0.042857
0.085714 0.050000 0.042857
0.085714 0.057143 0.042857
0.085714 0.064286 0.042857
0.085714 0.071429 0.042857
0.085714 0.078571 0.042857
0.085714 0.085714 0.042857
0.085714 0.092857 0.042857
0.085714 0.100000 0.042857
0.092857 0.000000 0.042857
0.092857 0.007143 0.042857
0.092857 0.014286 0.042857
0.092857 0.021429 0.042857
0.092857 0.028571 0.042857
0.092857 0.035714 0.042857
0.092857 0.042857 0.042857
0.092857 0.050000 0.042857
0.092857 0.057143 0.042857
0.092857 0.064286 0.042857
0.092857 0.071429 0.042857
0.092857 0.078571 0.042857
0.092857 0.085714 0.042857
0.092857 0.092857 0.042857
0.092857 0.100000 0.042857
0.100000 0.000000 0.042857
0.100000 0.007143 0.042857
0.100000 0.014286 0.042857
0.100000 0.021429 0.042857
0.100000 0.028571 0.042857
0.100000 0.035714 0.042857
0.100000 0.042857 0.042857
0.100000 0.050000 0.042857
0.100000 0.057143 0.042857
0.100000 0.064286 0.042857
0.100000 0.071429 0.042857
0.100000 0.078571 0.042857
0.100000 0.085714 0.042857
0.100000 0.092857 0.042857
0.100000 0.100000 0.042857
0.000000 0.000000 0.050000
0.000000 0.007143 0.050000
0.000000 0.014286 0.050000
0.000000 0.021429 0.050000
0.000000 0.028571 0.050000
0.000000 0.035714 0.050000
0.000000 0.042857 0.050000
0.000000 0.050000 0.050000
0.000000 0.057143 0.050000
0.000000 0.064286 0.050000
0.000000 0.071429 0.050000
0.000000 0.078571 0.050000
0.000000 0.085714 0.050000
0.000000 0.092857 0.050000
0.000000 0.100000 0.050000
0.007143 0.000000 0.050000
0.007143 0.007143 0.050000
0.007143 0.014286 0.050000
0.007143 0.021429 0.050000
0.007143 0.028571 0.050000
0.007143 0.035714 0.050000
0.007143 0.042857 0.050000
0.007143 0.050000 0.050000
0.007143 0.057143 0.050000
0.007143 0.064286 0.050000
0.007143 0.071429 0.050000
0.007143 0.078571 0.050000
0.007143 0.085714 0.050000
0.007143 0.092857 0.050000
0.007143 0.100000 0.050000
0.014286 0.000000 0.050000
0.014286 0.007143 0.050000
0.014286 0.014286 0.050000
0.014286 0.021429 0.050000
0.014286 0.028571 0.050000
0.014286 0.035714 0.050000
0.014286 0.042857 0.050000
0.014286 0.050000 0.050000
0.014286 0.057143 0.050000
0.014286 0.064286 0.050000
0.014286 0.071429 0.050000
0.014286 0.078571 0.050000
0.014286 0.085714 0.050000
0.014286 0.092857 0.050000
0.014286 0.100000 0.050000
0.021429 0.000000 0.050000
0.021429 0.007143 0.050000
0.021429 0.014286 0.050000
0.021429 0.021429 0.050000
0.021429 0.028571 0.050000
0.021429 0.035714 0.050000
0.021429 0.042857 0.050000
0.021429 0.050000 0.050000
0.021429 0.057143 0.050000
0.021429 0.064286 0.050000
0.021429 0.071429 0.050000
0.021429 0.078571 0.050000
0.021429 0.085714 0.050000
0.021429 0.092857 0.050000
0.021429 0.100000 0.050000
0.028571 0.000000 0.050000
0.028571 0.007143 0.050000
0.028571 0.014286 0.050000
0.028571 0.021429 0.050000
0.028571 0.028571 0.050000
0.028571 0.035714 0.050000
0.028571 0.042857 0.050000
0.028571 0.050000 0.050000
0.028571 0.057143 0.050000
0.028571 0.064286 0.050000
0.028571 0.071429 0.050000
0.028571 0.078571 0.050000
0.028571 0.085714 0.050000
0.028571 0.092857 0.050000
0.028571 0.100000 0.050000
0.035714 0.000000 0.050000
0.035714 0.007143 0.050000
0.035714 0.014286 0.050000
0.035714 0.021429 0.050000
0.035714 0.028571 0.050000
0.035714 0.035714 0.050000
0.035714 0.042857 0.050000
0.035714 0.050000 0.050000
0.035714 0.057143 0.050000
0.035714 0.064286 0.050000
0.035714 0.071429 0.050000
0.035714 0.078571 0.050000
0.035714 0.085714 0.050000
0.035714 0.092857 0.050000
0.035714 0.100000 0.050000
0.042857 0.000000 0.050000
0.042857 0.007143 0.050000
0.042857 0.014286 0.050000
0.042857 0.021429 0.050000
0.042857 0.028571 0.050000
0.042857 0.035714 0.050000
0.042857 0.042857 0.050000
0.042857 0.050000 0.050000
0.042857 0.057143 0.050000
0.042857 0.064286 0.050000
0.042857 0.071429 0.050000
0.042857 0.078571 0.050000
0.042857 0.085714 0.050000
0.042857 0.092857 0.050000
0.042857 0.100000 0.050000
0.050000 0.000000 0.050000
0.050000 0.007143 0.050000
0.050000 0.014286 0.050000
0.050000 0.021429 0.050000
0.050000 0.028571 0.050000
0.050000 0.035714 0.050000
0.050000 0.042857 0.050000
0.050000 0.050000 0.050000
0.050000 0.057143 0.050000
0.050000 0.064286 0.050000
0.050000 0.071429 0.050000
0.050000 0.078571 0.050000
0.050000 0.085714 0.050000
0.050000 0.092857 0.050000
0.050000 0.100000 0.050000
0.057143 0.000000 0.050000
0.057143 0.007143 0.050000
0.057143 0.014286 0.050000
0.057143 0.021429 0.050000
0.057143 0.028571 0.050000
0.057143 0.035714 0.050000
0.057143 0.042857 0.050000
0.057143 0.050000 0.050000
0.057143 0.057143 0.050000
0.057143 0.064286 0.050000
0.057143 0.071429 0.050000
0.057143 0.078571 0.050000
0.057143 0.085714 0.050000
0.057143 0.092857 0.050000
0.057143 0.100000 0.050000
0.064286 0.000000 0.050000
0.064286 0.007143 0.050000
0.064286 0.014286 0.050000
0.064286 0.021429 0.050000
0.064286 0.028571 0.050000
0.064286 0.035714 0.050000
0.064286 0.042857 0.050000
0.064286 0.050000 0.050000
0.064286 0.057143 0.050000
0.064286 0.064286 0.050000
0.064286 0.071429 0.050000
0.064286 0.078571 0.050000
0.064286 0.085714 0.050000
0.064286 0.092857 0.050000
0.064286 0.100000 0.050000
0.071429 0.000000 0.050000
0.071429 0.007143 0.050000
0.071429 0.014286 0.050000
0.071429 0.021429 0.050000
0.071429 0.028571 0.050000
0.071429 0.035714 0.050000
0.071429 0.042857 0.050000
0.071429 0.050000 0.050000
0.071429 0.057143 0.050000
0.071429 0.064286 0.050000
0.071429 0.071429 0.050000
0.071429 0.078571 0.050000
0.071429 0.085714 0.050000
0.071429 0.092857 0.050000
0.071429 0.100000 0.050000
0.078571 0.000000 0.050000
0.078571 0.007143 0.050000
0.078571 0.014286 0.050000
0.078571 0.021429 0.050000
0.078571 0.028571 0.050000
0.078571 0.035714 0.050000
0.078571 0.042857 0.050000
0.078571 0.050000 0.050000
0.078571 0.057143 0.050000
0.078571 0.064286 0.050000
0.078571 0.071429 0.050000
0.078571 0.078571 0.050000
0.078571 0.085714 0.050000
0.078571 0.092857 0.050000
0.078571 0.100000 0.050000
0.085714 0.000000 0.050000
0.085714 0.007143 0.050000
0.085714 0.014286 0.050000
0.085714 0.021429 0.050000
0.085714 0.028571 0.050000
0.085714 0.035714 0.050000
0.085714 0.042857 0.050000
0.085714 0.050000 0.050000
0.085714 0.057143 0.050000
0.085714 0.064286 0.050000
0.085714 0.071429 0.050000
0.085714 0.078571 0.050000
0.085714 0.085714 0.050000
0.085714 0.092857 0.050000
0.085714 0.100000 0.050000
0.092857 0.000000 0.050000
0.092857 0.007143 0.050000
0.092857 0.014286 0.050000
0.092857 0.021429 0.050000
0.092857 0.028571 0.050000
0.092857 0.035714 0.050000
0.092857 0.042857 0.050000
0.092857 0.050000 0.050000
0.092857 0.057143 0.050000
0.092857 0.064286 0.050000
0.092857 0.071429 0.050000
0.092857 0.078571 0.050000
0.092857 0.085714 0.050000
0.092857 0.092857 0.050000
0.092857 0.100000 0.050000
0.100000 0.000000 0.050000
0.100000 0.007143 0.050000
0.100000 0.014286 0.050000
0.100000 0.021429 0.050000
0.100000 0.028571 0.050000
0.100000 0.035714 0.050000
0.100000 0.042857 0.050000
0.100000 0.050000 0.050000
0.100000 0.057143 0.050000
0.100000 0.064286 0.050000
0.100000 0.071429 0.050000
0.100000 0.078571 0.050000
0.100000 0.085714 0.050000
0.100000 0.092857 0.050000
0.100000 0.100000 0.050000
0.000000 0.000000 0.057143
0.000000 0.007143 0.057143
0.000000 0.014286 0.057143
0.000000 0.021429 0.057143
0.000000 0.028571 0.057143
0.000000 0.035714 0.057143
0.000000 0.042857 0.057143
0.000000 0.050000 0.057143
0.000000 0.057143 0.057143
0.000000 0.064286 0.057143
0.000000 0.071429 0.057143
0.000000 0.078571 0.057143
0.000000 0.085714 0.057143
0.000000 0.092857 0.057143
0.000000 0.100000 0.057143
0.007143 0.000000 0.057143
0.007143 0.007143 0.057143
0.007143 0.014286 0.057143
0.007143 0.021429 0.057143
0.007143 0.028571 0.057143
0.007143 0.035714 0.057143
0.007143 0.042857 0.057143
0.007143 0.050000 0.057143
0.007143 0.057143 0.057143
0.007143 0.064286 0.057143
0.007143 0.071429 0.057143
0.007143 0.078571 0.057143
0.007143 0.085714 0.057143
0.007143 0.092857 0.057143
0.007143 0.100000 0.057143
0.014286 0.000000 0.057143
0.014286 0.007143 0.057143
0.014286 0.014286 0.057143
0.014286 0.021429 0.057143
0.014286 0.028571 0.057143
0.014286 0.035714 0.057143
0.014286 0.042857 0.057143
0.014286 0.050000 0.057143
0.014286 0.057143 0.057143
0.014286 0.064286 0.057143
0.014286 0.071429 0.057143
0.014286 0.078571 0.057143
0.014286 0.085714 0.057143
0.014286 0.092857 0.057143
0.014286 0.100000 0.057143
0.021429 0.000000 0.057143
0.021429 0.007143 0.057143
0.021429 0.014286 0.057143
0.021429 0.021429 0.057143
0.021429 0.028571 0.057143
0.021429 0.035714 0.057143
0.021429 0.042857 0.057143
0.021429 0.050000 0.057143
0.021429 0.057143 0.057143
0.021429 0.064286 0.057143
0.021429 0.071429 0.057143
0.021429 0.078571 0.057143
0.021429 0.085714 0.057143
0.021429 0.092857 0.057143
0.021429 0.100000 0.057143
0.028571 0.000000 0.057143
0.028571 0.007143 0.057143
0.028571 0.014286 0.057143
0.028571 0.021429 0.057143
0.028571 0.028571 0.057143
0.028571 0.035714 0.057143
0.028571 0.042857 0.057143
0.028571 0.050000 0.057143
0.028571 0.057143 0.057143
0.028571 0.064286 0.057143
0.028571 0.071429 0.057143
0.028571 0.078571 0.057143
0.028571 0.085714 0.057143
0.028571 0.092857 0.057143
0.028571 0.100000 0.057143
0.035714 0.000000 0.057143
0.035714 0.007143 0.057143
0.035714 0.014286 0.057143
0.035714 0.021429 0.057143
0.035714 0.028571 0.057143
0.035714 0.035714 0.057143
0.035714 0.042857 0.057143
0.035714 0.050000 0.057143
0.035714 0.057143 0.057143
0.035714 0.064286 0.057143
0.035714 0.071429 0.057143
0.035714 0.078571 0.057143
0.035714 0.085714 0.057143
0.035714 0.092857 0.057143
0.035714 0.100000 0.057143
0.042857 0.000000 0.057143
0.042857 0.007143 0.057143
0.042857 0.014286 0.057143
0.042857 0.021429 0.057143
0.042857 0.028571 0.057143
0.042857 0.035714 0.057143
0.042857 0.042857 0.057143
0.042857 0.050000 0.057143
0.042857 0.057143 0.057143
0.042857 0.064286 0.057143
0.042857 0.071429 0.057143
0.042857 0.078571 0.057143
0.042857 0.085714 0.057143
0.042857 0.092857 0.057143
0.042857 0.100000 0.057143
0.050000 0.000000 0.057143
0.050000 0.007143 0.057143
0.050000 0.014286 0.057143
0.050000 0.021429 0.057143
0.050000 0.028571 0.057143
0.050000 0.035714 0.057143
0.050000 0.042857 0.057143
0.050000 0.050000 0.057143
0.050000 0.057143 0.057143
0.050000 0.064286 0.057143
0.050000 0.071429 0.057143
0.050000 0.078571 0.057143
0.050000 0.085714 0.057143
0.050000 0.092857 0.057143
0.050000 0.100000 0.057143
0.057143 0.000000 0.057143
0.057143 0.007143 0.057143
0.057143 0.014286 0.057143
0.057143 0.021429 0.057143
0.057143 0.028571 0.057143
0.057143 0.035714 0.057143
0.057143 0.042857 0.057143
0.057143 0.050000 0.057143
0.057143 0.057143 0.057143
0.057143 0.064286 0.057143
0.057143 0.071429 0.057143
0.057143 0.078571 0.057143
0.057143 0.085714 0.057143
0.057143 0.092857 0.057143
0.057143 0.100000 0.057143
0.064286 0.000000 0.057143
0.064286 0.007143 0.057143
0.064286 0.014286 0.057143
0.064286 0.021429 0.057143
0.064286 0.028571 0.057143
0.064286 0.035714 0.057143
0.064286 0.042857 0.057143
0.064286 0.050000 0.057143
0.064286 0.057143 0.057143
0.064286 0.064286 0.057143
0.064286 0.071429 0.057143
0.064286 0.078571 0.057143
0.064286 0.085714 0.057143
0.064286 0.092857 0.057143
0.064286 0.100000 0.057143
0.071429 0.000000 0.057143
0.071429 0.007143 0.057143
0.071429 0.014286 0.057143
0.071429 0.021429 0.057143
0.071429 0.028571 0.057143
0.071429 0.035714 0.057143
0.071429 0.042857 0.057143
0.071429 0.050000 0.057143
0.071429 0.057143 0.057143
0.071429 0.064286 0.057143
0.071429 0.071429 0.057143
0.071429 0.078571 0.057143
0.071429 0.085714 0.057143
0.071429 0.092857 0.057143
0.071429 0.100000 0.057143
0.078571 0.000000 0.057143
0.078571 0.007143 0.057143
0.078571 0.014286 0.057143
0.078571 0.021429 0.057143
0.078571 0.028571 0.057143
0.078571 0.035714 0.057143
0.078571 0.042857 0.057143
0.078571 0.050000 0.057143
0.078571 0.057143 0.057143
0.078571 0.064286 0.057143
0.078571 0.071429 0.057143
0.078571 0.078571 0.057143
0.078571 0.085714 0.057143
0.078571 0.092857 0.057143
0.078571 0.100000 0.057143
0.085714 0.000000 0.057143
0.085714 0.007143 0.057143
0.085714 0.014286 0.057143
0.085714 0.021429 0.057143
0.085714 0.028571 0.057143
0.085714 0.035714 0.057143
0.085714 0.042857 0.057143
0.085714 0.050000 0.057143
0.085714 0.057143 0.057143
0.085714 0.064286 0.057143
0.085714 0.071429 0.057143
0.085714 0.078571 0.057143
0.085714 0.085714 0.057143
0.085714 0.092857 0.057143
0.085714 0.100000 0.057143
0.092857 0.000000 0.057143
0.092857 0.007143 0.057143
0.092857 0.014286 0.057143
0.092857 0.021429 0.057143
0.092857 0.028571 0.057143
0.092857 0.035714 0.057143
0.092857 0.042857 0.057143
0.092857 0.050000 0.057143
0.092857 0.057143 0.057143
0.092857 0.064286 0.057143
0.092857 0.071429 0.057143
0.092857 0.078571 0.057143
0.092857 0.085714 0.057143
0.092857 0.092857 0.057143
0.092857 0.100000 0.057143
0.100000 0.000000 0.057143
0.100000 0.007143 0.057143
0.100000 0.014286 0.057143
0.100000 0.021429 0.057143
0.100000 0.028571 0.057143
0.100000 0.035714 0.057143
0.100000 0.042857 0.057143
0.100000 0.050000 0.057143
0.100000 0.057143 0.057143
0.100000 0.064286 0.057143
0.100000 0.071429 0.057143
0.100000 0.078571 0.057143
0.100000 0.085714 0.057143
0.100000 0.092857 0.057143
0.100000 0.100000 0.057143
0.000000 0.000000 0.064286
0.000000 0.007143 0.064286
0.000000 0.014286 0.064286
0.000000 0.021429 0.064286
0.000000 0.028571 0.064286
0.000000 0.035714 0.064286
0.000000 0.042857 0.064286
0.000000 0.050000 0.064286
0.000000 0.057143 0.064286
0.000000 0.064286 0.064286
0.000000 0.071429 0.064286
0.000000 0.078571 0.064286
0.000000 0.085714 0.064286
0.000000 0.092857 0.064286
0.000000 0.100000 0.064286
0.007143 0.000000 0.064286
0.007143 0.007143 0.064286
0.007143 0.014286 0.064286
0.007143 0.021429 0.064286
0.007143 0.028571 0.064286
0.007143 0.035714 0.064286
0.007143 0.042857 0.064286
0.007143 0.050000 0.064286
0.007143 0.057143 0.064286
0.007143 0.064286 0.064286
0.007143 0.071429 0.064286
0.007143 0.078571 0.064286
0.007143 0.085714 0.064286
0.007143 0.092857 0.064286
0.007143 0.100000 0.064286
0.014286 0.000000 0.064286
0.014286 0.007143 0.064286
0.014286 0.014286 0.064286
0.014286 0.021429 0.064286
0.014286 0.028571 0.064286
0.014286 0.035714 0.064286
0.014286 0.042857 0.064286
0.014286 0.050000 0.064286
0.014286 0.057143 0.064286
0.014286 0.064286 0.064286
0.014286 0.071429 0.064286
0.014286 0.078571 0.064286
0.014286 0.085714 0.064286
0.014286 0.092857 0.064286
0.014286 0.100000 0.064286
0.021429 0.000000 0.064286
0.021429 0.007143 0.064286
0.021429 0.014286 0.064286
0.021429 0.021429 0.064286
0.021429 0.028571 0.064286
0.021429 0.035714 0.064286
0.021429 0.042857 0.064286
0.021429 0.050000 0.064286
0.021429 0.057143 0.064286
0.021429 0.064286 0.064286
0.021429 0.071429 0.064286
0.021429 0.078571 0.064286
0.021429 0.085714 0.064286
0.021429 0.092857 0.064286
0.021429 0.100000 0.064286
0.028571 0.000000 0.064286
0.028571 0.007143 0.064286
0.028571 0.014286 0.064286
0.028571 0.021429 0.064286
0.028571 0.028571 0.064286
0.028571 0.035714 0.064286
0.028571 0.042857 0.064286
0.028571 0.050000 0.064286
0.028571 0.057143 0.064286
0.028571 0.064286 0.064286
0.028571 0.071429 0.064286
0.028571 0.078571 0.064286
0.028571 0.085714 0.064286
0.028571 0.092857 0.064286
0.028571 0.100000 0.064286
0.035714 0.000000 0.064286
0.035714 0.007143 0.064286
0.035714 0.014286 0.064286
0.035714 0.021429 0.064286
0.035714 0.028571 0.064286
0.035714 0.035714 0.064286
0.035714 0.042857 0.064286
0.035714 0.050000 0.064286
0.035714 0.057143 0.064286
0.035714 0.064286 0.064286
0.035714 0.071429 0.064286
0.035714 0.078571 0.064286
0.035714 0.085714 0.064286
0.035714 0.092857 0.064286
0.035714 0.100000 0.064286
0.042857 0.000000 0.064286
0.042857 0.007143 0.064286
0.042857 0.014286 0.064286
0.042857 0.021429 0.064286
0.042857 0.028571 0.064286
0.042857 0.035714 0.064286
0.042857 0.042857 0.064286
0.042857 0.050000 0.064286
0.042857 0.057143 0.064286
0.042857 0.064286 0.064286
0.042857 0.071429 0.064286
0.042857 0.078571 0.064286
0.042857 0.085714 0.064286
0.042857 0.092857 0.064286
0.042857 0.100000 0.064286
0.050000 0.000000 0.064286
0.050000 0.007143 0.064286
0.050000 0.014286 0.064286
0.050000 0.021429 0.064286
0.050000 0.028571 0.064286
0.050000 0.035714 0.064286
0.050000 0.042857 0.064286
0.050000 0.050000 0.064286
0.050000 0.057143 0.064286
0.050000 0.064286 0.064286
0.050000 0.071429 0.064286
0.050000 0.078571 0.064286
0.050000 0.085714 0.064286
0.050000 0.092857 0.064286
0.050000 0.100000 0.064286
0.057143 0.000000 0.064286
0.057143 0.007143 0.064286
0.057143 0.014286 0.064286
0.057143 0.021429 0.064286
0.057143 0.028571 0.064286
0.057143 0.035714 0.064286
0.057143 0.042857 0.064286
0.057143 0.050000 0.064286
0.057143 0.057143 0.064286
0.057143 0.064286 0.064286
0.057143 0.071429 0.064286
0.057143 0.078571 0.064286
0.057143 0.085714 0.064286
0.057143 0.092857 0.064286
0.057143 0.100000 0.064286
0.064286 0.000000 0.064286
0.064286 0.007143 0.064286
0.064286 0.014286 0.064286
0.064286 0.021429 0.064286
0.064286 0.028571 0.064286
0.064286 0.035714 0.064286
0.064286 0.042857 0.064286
0.064286 0.050000 0.064286
0.064286 0.057143 0.064286
0.064286 0.064286 0.064286
0.064286 0.071429 0.064286
0.064286 0.078571 0.064286
0.064286 0.085714 0.064286
0.064286 0.092857 0.064286
0.064286 0.100000 0.064286
0.071429 0.000000 0.064286
0.071429 0.007143 0.064286
0.071429 0.014286 0.064286
0.071429 0.021429 0.064286
0.071429 0.028571 0.064286
0.071429 0.035714 0.064286
0.071429 0.042857 0.064286
0.071429 0.050000 0.064286
0.071429 0.057143 0.064286
0.071429 0.064286 0.064286
0.071429 0.071429 0.064286
0.071429 0.078571 0.064286
0.071429 0.085714 0.064286
0.071429 0.092857 0.064286
0.071429 0.100000 0.064286
0.078571 0.000000 0.064286
0.078571 0.007143 0.064286
0.078571 0.014286 0.064286
0.078571 0.021429 0.064286
0.078571 0.028571 0.064286
0.078571 0.035714 0.064286
0.078571 0.042857 0.064286
0.078571 0.050000 0.064286
0.078571 0.057143 0.064286
0.078571 0.064286 0.064286
0.078571 0.071429 0.064286
0.078571 0.078571 0.064286
0.078571 0.085714 0.064286
0.078571 0.092857 0.064286
0.078571 0.100000 0.064286
0.085714 0.000000 0.064286
0.085714 0.007143 0.064286
0.085714 0.014286 0.064286
0.085714 0.021429 0.064286
0.085714 0.028571 0.064286
0.085714 0.035714 0.064286
0.085714 0.042857 0.064286
0.085714 0.050000 0.064286
0.085714 0.057143 0.064286
0.085714 0.064286 0.064286
0.085714 0.071429 0.064286
0.085714 0.078571 0.064286
0.085714 0.085714 0.064286
0.085714 0.092857 0.064286
0.085714 0.100000 0.064286
0.092857 0.000000 0.064286
0.092857 0.007143 0.064286
0.092857 0.014286 0.064286
0.092857 0.021429 0.064286
0.092857 0.028571 0.064286
0.092857 0.035714 0.064286
0.092857 0.042857 0.064286
0.092857 0.050000 0.064286
0.092857 0.057143 0.064286
0.092857 0.064286 0.064286
0.092857 0.071429 0.064286
0.092857 0.078571 0.064286
0.092857 0.085714 0.064286
0.092857 0.092857 0.064286
0.092857 0.100000 0.064286
0.100000 0.000000 0.064286
0.100000 0.007143 0.064286
0.100000 0.014286 0.064286
0.100000 0.021429 0.064286
0.100000 0.028571 0.064286
0.100000 0.035714 0.064286
0.100000 0.042857 0.064286
0.100000 0.050000 0.064286
0.100000 0.057143 0.064286
0.100000 0.064286 0.064286
0.100000 0.071429 0.064286
0.100000 0.078571 0.064286
0.100000 0.085714 0.064286
0.100000 0.092857 0.064286
0.100000 0.100000 0.064286
0.000000 0.000000 0.071429
0.000000 0.007143 0.071429
0.000000 0.014286 0.071429
0.000000 0.021429 0.071429
0.000000 0.028571 0.071429
0.000000 0.035714 0.071429
0.000000 0.042857 0.071429
0.000000 0.050000 0.071429
0.000000 0.057143 0.071429
0.000000 0.064286 0.071429
0.000000 0.071429 0.071429
0.000000 0.078571 0.071429
0.000000 0.085714 0.071429
0.000000 0.092857 0.071429
0.000000 0.100000 0.071429
0.007143 0.000000 0.071429
0.007143 0.007143 0.071429
0.007143 0.014286 0.071429
0.007143 0.021429 0.071429
0.007143 0.028571 0.071429
0.007143 0.035714 0.071429
0.007143 0.042857 0.071429
0.007143 0.050000 0.071429
0.007143 0.057143 0.071429
0.007143 0.064286 0.071429
0.007143 0.071429 0.071429
0.007143 0.078571 0.071429
0.007143 0.085714 0.071429
0.007143 0.092857 0.071429
0.007143 0.100000 0.071429
0.014286 0.000000 0.071429
0.014286 0.007143 0.071429
0.014286 0.014286 0.071429
0.014286 0.021429 0.071429
0.014286 0.028571 0.071429
0.014286 0.035714 0.071429
0.014286 0.042857 0.071429
0.014286 0.050000 0.071429
0.014286 0.057143 0.071429
0.014286 0.064286 0.071429
0.014286 0.071429 0.071429
0.014286 0.078571 0.071429
0.014286 0.085714 0.071429
0.014286 0.092857 0.071429
0.014286 0.100000 0.071429
0.021429 0.000000 0.071429
0.021429 0.007143 0.071429
0.021429 0.014286 0.071429
0.021429 0.021429 0.071429
0.021429 0.028571 0.071429
0.021429 0.035714 0.071429
0.021429 0.042857 0.071429
0.021429 0.050000 0.071429
0.021429 0.057143 0.071429
0.021429 0.064286 0.071429
0.021429 0.071429 0.071429
0.021429 0.078571 0.071429
0.021429 0.085714 0.071429
0.021429 0.092857 0.071429
0.021429 0.100000 0.071429
0.028571 0.000000 0.071429
0.028571 0.007143 0.071429
0.028571 0.014286 0.071429
0.028571 0.021429 0.071429
0.028571 0.028571 0.071429
0.028571 0.035714 0.071429
0.028571 0.042857 0.071429
0.028571 0.050000 0.071429
0.028571 0.057143 0.071429
0.028571 0.064286 0.071429
0.028571 0.071429 0.071429
0.028571 0.078571 0.071429
0.028571 0.085714 0.071429
0.028571 0.092857 0.071429
0.028571 0.100000 0.071429
0.035714 0.000000 0.071429
0.035714 0.007143 0.071429
0.035714 0.014286 0.071429
0.035714 0.021429 0.071429
0.035714 0.028571 0.071429
0.035714 0.035714 0.071429
0.035714 0.042857 0.071429
0.035714 0.050000 0.071429
0.035714 0.057143 0.071429
0.035714 0.064286 0.071429
0.035714 0.071429 0.071429
0.035714 0.078571 0.071429
0.035714 0.085714 0.071429
0.035714 0.092857 0.071429
0.035714 0.100000 0.071429
0.042857 0.000000 0.071429
0.042857 0.007143 0.071429
0.042857 0.014286 0.071429
0.042857 0.021429 0.071429
0.042857 0.028571 0.071429
0.042857 0.035714 0.071429
0.042857 0.042857 0.071429
0.042857 0.050000 0.071429
0.042857 0.057143 0.071429
0.042857 0.064286 0.071429
0.042857 0.071429 0.071429
0.042857 0.078571 0.071429
0.042857 0.085714 0.071429
0.042857 0.092857 0.071429
0.042857 0.100000 0.071429
0.050000 0.000000 0.071429
0.050000 0.007143 0.071429
0.050000 0.014286 0.071429
0.050000 0.021429 0.071429
0.050000 0.028571 0.071429
0.050000 0.035714 0.071429
0.050000 0.042857 0.071429
0.050000 0.050000 0.071429
0.050000 0.057143 0.071429
0.050000 0.064286 0.071429
0.050000 0.071429 0.071429
0.050000 0.078571 0.071429
0.050000 0.085714 0.071429
0.050000 0.092857 0.071429
0.050000 0.100000 0.071429
0.057143 0.000000 0.071429
0.057143 0.007143 0.071429
0.057143 0.014286 0.071429
0.057143 0.021429 0.071429
0.057143 0.028571 0.071429
0.057143 0.035714 0.071429
0.057143 0.042857 0.071429
0.057143 0.050000 0.071429
0.057143 0.057143 0.071429
0.057143 0.064286 0.071429
0.057143 0.071429 0.071429
0.057143 0.078571 0.071429
0.057143 0.085714 0.071429
0.057143 0.092857 0.071429
0.057143 0.100000 0.071429
0.064286 0.000000 0.071429
0.064286 0.007143 0.071429
0.064286 0.014286 0.071429
0.064286 0.021429 0.071429
0.064286 0.028571 0.071429
0.064286 0.035714 0.071429
0.064286 0.042857 0.071429
0.064286 0.050000 0.071429
0.064286 0.057143 0.071429
0.064286 0.064286 0.071429
0.064286 0.071429 0.071429
0.064286 0.078571 0.071429
0.064286 0.085714 0.071429
0.064286 0.092857 0.071429
0.064286 0.100000 0.071429
0.071429 0.000000 0.071429
0.071429 0.007143 0.071429
0.071429 0.014286 0.071429
0.071429 0.021429 0.071429
0.071429 0.028571 0.071429
0.071429 0.035714 0.071429
0.071429 0.042857 0.071429
0.071429 0.050000 0.071429
0.071429 0.057143 0.071429
0.071429 0.064286 0.071429
0.071429 0.071429 0.071429
0.071429 0.078571 0.071429
0.071429 0.085714 0.071429
0.071429 0.092857 0.071429
0.071429 0.100000 0.071429
0.078571 0.000000 0.071429
0.078571 0.007143 0.071429
0.078571 0.014286 0.071429
0.078571 0.021429 0.071429
0.078571 0.028571 0.071429
0.078571 0.035714 0.071429
0.078571 0.042857 0.071429
0.078571 0.050000 0.071429
0.078571 0.057143 0.071429
0.078571 0.064286 0.071429
0.078571 0.071429 0.071429
0.078571 0.078571 0.071429
0.078571 0.085714 0.071429
0.078571 0.092857 0.071429
0.078571 0.100000 0.071429
0.085714 0.000000 0.071429
0.085714 0.007143 0.071429
0.085714 0.014286 0.071429
0.085714 0.021429 0.071429
0.085714 0.028571 0.071429
0.085714 0.035714 0.071429
0.085714 0.042857 0.071429
0.085714 0.050000 0.071429
0.085714 0.057143 0.071429
0.085714 0.064286 0.071429
0.085714 0.071429 0.071429
0.085714 0.078571 0.071429
0.085714 0.085714 0.071429
0.085714 0.092857 0.071429
0.085714 0.100000 0.071429
0.092857 0.000000 0.071429
0.092857 0.007143 0.071429
0.092857 0.014286 0.071429
0.092857 0.021429 0.071429
0.092857 0.028571 0.071429
0.092857 0.035714 0.071429
0.092857 0.042857 0.071429
0.092857 0.050000 0.071429
0.092857 0.057143 0.071429
0.092857 0.064286 0.071429
0.092857 0.071429 0.071429
0.092857 0.078571 0.071429
0.092857 0.085714 0.071429
0.092857 0.092857 0.071429
0.092857 0.100000 0.071429
0.100000 0.000000 0.071429
0.100000 0.007143 0.071429
0.100000 0.014286 0.071429
0.100000 0.021429 0.071429
0.100000 0.028571 0.071429
0.100000 0.035714 0.071429
0.100000 0.042857 0.071429
0.100000 0.050000 0.071429
0.100000 0.057143 0.071429
0.100000 0.064286 0.071429
0.100000 0.071429 0.071429
0.100000 0.078571 0.071429
0.100000 0.085714 0.071429
0.100000 0.092857 0.071429
0.100000 0.100000 0.071429
0.000000 0.000000 0.078571
0.000000 0.007143 0.078571
0.000000 0.014286 0.078571
0.000000 0.021429 0.078571
0.000000 0.028571 0.078571
0.000000 0.035714 0.078571
0.000000 0.042857 0.078571
0.000000 0.050000 0.078571
0.000000 0.057143 0.078571
0.000000 0.064286 0.078571
0.000000 0.071429 0.078571
0.000000 0.078571 0.078571
0.000000 0.085714 0.078571
0.000000 0.092857 0.078571
0.000000 0.100000 0.078571
0.007143 0.000000 0.078571
0.007143 0.007143 0.078571
0.007143 0.014286 0.078571
0.007143 0.021429 0.078571
0.007143 0.028571 0.078571
0.007143 0.035714 0.078571
0.007143 0.042857 0.078571
0.007143 0.050000 0.078571
0.007143 0.057143 0.078571
0.007143 0.064286 0.078571
0.007143 0.071429 0.078571
0.007143 0.078571 0.078571
0.007143 0.085714 0.078571
0.007143 0.092857 0.078571
0.007143 0.100000 0.078571
0.014286 0.000000 0.078571
0.014286 0.007143 0.078571
0.014286 0.014286 0.078571
0.014286 0.021429 0.078571
0.014286 0.028571 0.078571
0.014286 0.035714 0.078571
0.014286 0.042857 0.078571
0.014286 0.050000 0.078571
0.014286 0.057143 0.078571
0.014286 0.064286 0.078571
0.014286 0.071429 0.078571
0.014286 0.078571 0.078571
0.014286 0.085714 0.078571
0.014286 0.092857 0.078571
0.014286 0.100000 0.078571
0.021429 0.000000 0.078571
0.021429 0.007143 0.078571
0.021429 0.014286 0.078571
0.021429 0.021429 0.078571
0.021429 0.028571 0.078571
0.021429 0.035714 0.078571
0.021429 0.042857 0.078571
0.021429 0.050000 0.078571
0.021429 0.057143 0.078571
0.021429 0.064286 0.078571
0.021429 0.071429 0.078571
0.021429 0.078571 0.078571
0.021429 0.085714 0.078571
0.021429 0.092857 0.078571
0.021429 0.100000 0.078571
0.028571 0.000000 0.078571
0.028571 0.007143 0.078571
0.028571 0.014286 0.078571
0.028571 0.021429 0.078571
0.028571 0.028571 0.078571
0.028571 0.035714 0.078571
0.028571 0.042857 0.078571
0.028571 0.050000 0.078571
0.028571 0.057143 0.078571
0.028571 0.064286 0.078571
0.028571 0.071429 0.078571
0.028571 0.078571 0.078571
0.028571 0.085714 0.078571
0.028571 0.092857 0.078571
0.028571 0.100000 0.078571
0.035714 0.000000 0.078571
0.035714 0.007143 0.078571
0.035714 0.014286 0.078571
0.035714 0.021429 0.078571
0.035714 0.028571 0.078571
0.035714 0.035714 0.078571
0.035714 0.042857 0.078571
0.035714 0.050000 0.078571
0.035714 0.057143 0.078571
0.035714 0.064286 0.078571
0.035714 0.071429 0.078571
0.035714 0.078571 0.078571
0.035714 0.085714 0.078571
0.035714 0.092857 0.078571
0.035714 0.100000 0.078571
0.042857 0.000000 0.078571
0.042857 0.007143 0.078571
0.042857 0.014286 0.078571
0.042857 0.021429 0.078571
0.042857 0.028571 0.078571
0.042857 0.035714 0.078571
0.042857 0.042857 0.078571
0.042857 0.050000 0.078571
0.042857 0.057143 0.078571
0.042857 0.064286 0.078571
0.042857 0.071429 0.078571
0.042857 0.078571 0.078571
0.042857 0.085714 0.078571
0.042857 0.092857 0.078571
0.042857 0.100000 0.078571
0.050000 0.000000 0.078571
0.050000 0.007143 0.078571
0.050000 0.014286 0.078571
0.050000 0.021429 0.078571
0.050000 0.028571 0.078571
0.050000 0.035714 0.078571
0.050000 0.042857 0.078571
0.050000 0.050000 0.078571
0.050000 0.057143 0.078571
0.050000 0.064286 0.078571
0.050000 0.071429 0.078571
0.050000 0.078571 0.078571
0.050000 0.085714 0.078571
0.050000 0.092857 0.078571
0.050000 0.100000 0.078571
0.057143 0.000000 0.078571
0.057143 0.007143 0.078571
0.057143 0.014286 0.078571
0.057143 0.021429 0.078571
0.057143 0.028571 0.078571
0.057143 0.035714 0.078571
0.057143 0.042857 0.078571
0.057143 0.050000 0.078571
0.057143 0.057143 0.078571
0.057143 0.064286 0.078571
0.057143 0.071429 0.078571
0.057143 0.078571 0.078571
0.057143 0.085714 0.078571
0.057143 0.092857 0.078571
0.057143 0.100000 0.078571
0.064286 0.000000 0.078571
0.064286 0.007143 0.078571
0.064286 0.014286 0.078571
0.064286 0.021429 0.078571
0.064286 0.028571 0.078571
0.064286 0.035714 0.078571
0.064286 0.042857 0.078571
0.064286 0.050000 0.078571
0.064286 0.057143 0.078571
0.064286 0.064286 0.078571
0.064286 0.071429 0.078571
0.064286 0.078571 0.078571
0.064286 0.085714 0.078571
0.064286 0.092857 0.078571
0.064286 0.100000 0.078571
0.071429 0.000000 0.078571
0.071429 0.007143 0.078571
0.071429 0.014286 0.078571
0.071429 0.021429 0.078571
0.071429 0.028571 0.078571
0.071429 0.035714 0.078571
0.071429 0.042857 0.078571
0.071429 0.050000 0.078571
0.071429 0.057143 0.078571
0.071429 0.064286 0.078571
0.071429 0.071429 0.078571
0.071429 0.078571 0.078571
0.071429 0.085714 0.078571
0.071429 0.092857 0.078571
0.071429 0.100000 0.078571
0.078571 0.000000 0.078571
0.078571 0.007143 0.078571
0.078571 0.014286 0.078571
0.078571 0.021429 0.078571
0.078571 0.028571 0.078571
0.078571 0.035714 0.078571
0.078571 0.042857 0.078571
0.078571 0.050000 0.078571
0.078571 0.057143 0.078571
0.078571 0.064286 0.078571
0.078571 0.071429 0.078571
0.078571 0.078571 0.078571
0.078571 0.085714 0.078571
0.078571 0.092857 0.078571
0.078571 0.100000 0.078571
0.085714 0.000000 0.078571
0.085714 0.007143 0.078571
0.085714 0.014286 0.078571
0.085714 0.021429 0.078571
0.085714 0.028571 0.078571
0.085714 0.035714 0.078571
0.085714 0.042857 0.078571
0.085714 0.050000 0.078571
0.085714 0.057143 0.078571
0.085714 0.064286 0.078571
0.085714 0.071429 0.078571
0.085714 0.078571 0.078571
0.085714 0.085714 0.078571
0.085714 0.092857 0.078571
0.085714 0.100000 0.078571
0.092857 0.000000 0.078571
0.092857 0.007143 0.078571
0.092857 0.014286 0.078571
0.092857 0.021429 0.078571
0.092857 0.028571 0.078571
0.092857 0.035714 0.078571
0.092857 0.042857 0.078571
0.092857 0.050000 0.078571
0.092857 0.057143 0.078571
0.092857 0.064286 0.078571
0.092857 0.071429 0.078571
0.092857 0.078571 0.078571
0.092857 0.085714 0.078571
0.092857 0.092857 0.078571
0.092857 0.100000 0.078571
0.100000 0.000000 0.078571
0.100000 0.007143 0.078571
0.100000 0.014286 0.078571
0.100000 0.021429 0.078571
0.100000 0.028571 0.078571
0.100000 0.035714 0.078571
0.100000 0.042857 0.078571
0.100000 0.050000 0.078571
0.100000 0.057143 0.078571
0.100000 0.064286 0.078571
0.100000 0.071429 0.078571
0.100000 0.078571 0.078571
0.100000 0.085714 0.078571
0.100000 0.092857 0.078571
0.100000 0.100000 0.078571
0.000000 0.000000 0.085714
0.000000 0.007143 0.085714
0.000000 0.014286 0.085714
0.000000 0.021429 0.085714
0.000000 0.028571 0.085714
0.000000 0.035714 0.085714
0.000000 0.042857 0.085714
0.000000 0.050000 0.085714
0.000000 0.057143 0.085714
0.000000 0.064286 0.085714
0.000000 0.071429 0.085714
0.000000 0.078571 0.085714
0.000000 0.085714 0.085714
0.000000 0.092857 0.085714
0.000000 0.100000 0.085714
0.007143 0.000000 0.085714
0.007143 0.007143 0.085714
0.007143 0.014286 0.085714
0.007143 0.021429 0.085714
0.007143 0.028571 0.085714
0.007143 0.035714 0.085714
0.007143 0.042857 0.085714
0.007143 0.050000 0.085714
0.007143 0.057143 0.085714
0.007143 0.064286 0.085714
0.007143 0.071429 0.085714
0.007143 0.078571 0.085714
0.007143 0.085714 0.085714
0.007143 0.092857 0.085714
0.007143 0.100000 0.085714
0.014286 0.000000 0.085714
0.014286 0.007143 0.085714
0.014286 0.014286 0.085714
0.014286 0.021429 0.085714
0.014286 0.028571 0.085714
0.014286 0.035714 0.085714
0.014286 0.042857 0.085714
0.014286 0.050000 0.085714
0.014286 0.057143 0.085714
0.014286 0.064286 0.085714
0.014286 0.071429 0.085714
0.014286 0.078571 0.085714
0.014286 0.085714 0.085714
0.014286 0.092857 0.085714
0.014286 0.100000 0.085714
0.021429 0.000000 0.085714
0.021429 0.007143 0.085714
0.021429 0.014286 0.085714
0.021429 0.021429 0.085714
0.021429 0.028571 0.085714
0.021429 0.035714 0.085714
0.021429 0.042857 0.085714
0.021429 0.050000 0.085714
0.021429 0.057143 0.085714
0.021429 0.064286 0.085714
0.021429 0.071429 0.085714
0.021429 0.078571 0.085714
0.021429 0.085714 0.085714
0.021429 0.092857 0.085714
0.021429 0.100000 0.085714
0.028571 0.000000 0.085714
0.028571 0.007143 0.085714
0.028571 0.014286 0.085714
0.028571 0.021429 0.085714
0.028571 0.028571 0.085714
0.028571 0.035714 0.085714
0.028571 0.042857 0.085714
0.028571 0.050000 0.085714
0.028571 0.057143 0.085714
0.028571 0.064286 0.085714
0.028571 0.071429 0.085714
0.028571 0.078571 0.085714
0.028571 0.085714 0.085714
0.028571 0.092857 0.085714
0.028571 0.100000 0.085714
0.035714 0.000000 0.085714
0.035714 0.007143 0.085714
0.035714 0.014286 0.085714
0.035714 0.021429 0.085714
0.035714 0.028571 0.085714
0.035714 0.035714 0.085714
0.035714 0.042857 0.085714
0.035714 0.050000 0.085714
0.035714 0.057143 0.085714
0.035714 0.064286 0.085714
0.035714 0.071429 0.085714
0.035714 0.078571 0.085714
0.035714 0.085714 0.085714
0.035714 0.092857 0.085714
0.035714 0.100000 0.085714
0.042857 0.000000 0.085714
0.042857 0.007143 0.085714
0.042857 0.014286 0.085714
0.042857 0.021429 0.085714
0.042857 0.028571 0.085714
0.042857 0.035714 0.085714
0.042857 0.042857 0.085714
0.042857 0.050000 0.085714
0.042857 0.057143 0.085714
0.042857 0.064286 0.085714
0.042857 0.071429 0.085714
0.042857 0.078571 0.085714
0.042857 0.085714 0.085714
0.042857 0.092857 0.085714
0.042857 0.100000 0.085714
0.050000 0.000000 0.085714
0.050000 0.007143 0.085714
0.050000 0.014286 0.085714
0.050000 0.021429 0.085714
0.050000 0.028571 0.085714
0.050000 0.035714 0.085714
0.050000 0.042857 0.085714
0.050000 0.050000 0.085714
0.050000 0.057143 0.085714
0.050000 0.064286 0.085714
0.050000 0.071429 0.085714
0.050000 0.078571 0.085714
0.050000 0.085714 0.085714
0.050000 0.092857 0.085714
0.050000 0.100000 0.085714
0.057143 0.000000 0.085714
0.057143 0.007143 0.085714
0.057143 0.014286 0.085714
0.057143 0.021429 0.085714
0.057143 0.028571 0.085714
0.057143 0.035714 0.085714
0.057143 0.042857 0.085714
0.057143 0.050000 0.085714
0.057143 0.057143 0.085714
0.057143 0.064286 0.085714
0.057143 0.071429 0.085714
0.057143 0.078571 0.085714
0.057143 0.085714 0.085714
0.057143 0.092857 0.085714
0.057143 0.100000 0.085714
0.064286 0.000000 0.085714
0.064286 0.007143 0.085714
0.064286 0.014286 0.085714
0.064286 0.021429 0.085714
0.064286 0.028571 0.085714
0.064286 0.035714 0.085714
0.064286 0.042857 0.085714
0.064286 0.050000 0.085714
0.064286 0.057143 0.085714
0.064286 0.064286 0.085714
0.064286 0.071429 0.085714
0.064286 0.078571 0.085714
0.064286 0.085714 0.085714
0.064286 0.092857 0.085714
0.064286 0.100000 0.085714
0.071429 0.000000 0.085714
0.071429 0.007143 0.085714
0.071429 0.014286 0.085714
0.071429 0.021429 0.085714
0.071429 0.028571 0.085714
0.071429 0.035714 0.085714
0.071429 0.042857 0.085714
0.071429 0.050000 0.085714
0.071429 0.057143 0.085714
0.071429 0.064286 0.085714
0.071429 0.071429 0.085714
0.071429 0.078571 0.085714
0.071429 0.085714 0.085714
0.071429 0.092857 0.085714
0.071429 0.100000 0.085714
0.078571 0.000000 0.085714
0.078571 0.007143 0.085714
0.078571 0.014286 0.085714
0.078571 0.021429 0.085714
0.078571 0.028571 0.085714
0.078571 0.035714 0.085714
0.078571 0.042857 0.085714
0.078571 0.050000 0.085714
0.078571 0.057143 0.085714
0.078571 0.064286 0.085714
0.078571 0.071429 0.085714
0.078571 0.078571 0.085714
0.078571 0.085714 0.085714
0.078571 0.092857 0.085714
0.078571 0.100000 0.085714
0.085714 0.000000 0.085714
0.085714 0.007143 0.085714
0.085714 0.014286 0.085714
0.085714 0.021429 0.085714
0.085714 0.028571 0.085714
0.085714 0.035714 0.085714
0.085714 0.042857 0.085714
0.085714 0.050000 0.085714
0.085714 0.057143 0.085714
0.085714 0.064286 0.085714
0.085714 0.071429 0.085714
0.085714 0.078571 0.085714
0.085714 0.085714 0.085714
0.085714 0.092857 0.085714
0.085714 0.100000 0.085714
0.092857 0.000000 0.085714
0.092857 0.007143 0.085714
0.092857 0.014286 0.085714
0.092857 0.021429 0.085714
0.092857 0.028571 0.085714
0.092857 0.035714 0.085714
0.092857 0.042857 0.085714
0.092857 0.050000 0.085714
0.092857 0.057143 0.085714
0.092857 0.064286 0.085714
0.092857 0.071429 0.085714
0.092857 0.078571 0.085714
0.092857 0.085714 0.085714
0.092857 0.092857 0.085714
0.092857 0.100000 0.085714
0.100000 0.000000 0.085714
0.100000 0.007143 0.085714
0.100000 0.014286 0.085714
0.100000 0.021429 0.085714
0.100000 0.028571 0.085714
0.100000 0.035714 0.085714
0.100000 0.042857 0.085714
0.100000 0.050000 0.085714
0.100000 0.057143 0.085714
0.100000 0.064286 0.085714
0.100000 0.071429 0.085714
0.100000 0.078571 0.085714
0.100000 0.085714 0.085714
0.100000 0.092857 0.085714
0.100000 0.100000 0.085714
0.000000 0.000000 0.092857
0.000000 0.007143 0.092857
0.000000 0.014286 0.092857
0.000000 0.021429 0.092857
0.000000 0.028571 0.092857
0.000000 0.035714 0.092857
0.000000 0.042857 0.092857
0.000000 0.050000 0.092857
0.000000 0.057143 0.092857
0.000000 0.064286 0.092857
0.000000 0.071429 0.092857
0.000000 0.078571 0.092857
0.000000 0.085714 0.092857
0.000000 0.092857 0.092857
0.000000 0.100000 0.092857
0.007143 0.000000 0.092857
0.007143 0.007143 0.092857
0.007143 0.014286 0.092857
0.007143 0.021429 0.092857
0.007143 0.028571 0.092857
0.007143 0.035714 0.092857
0.007143 0.042857 0.092857
0.007143 0.050000 0.092857
0.007143 0.057143 0.092857
0.007143 0.064286 0.092857
0.007143 0.071429 0.092857
0.007143 0.078571 0.092857
0.007143 0.085714 0.092857
0.007143 0.092857 0.092857
0.007143 0.100000 0.092857
0.014286 0.000000 0.092857
0.014286 0.007143 0.092857
0.014286 0.014286 0.092857
0.014286 0.021429 0.092857
0.014286 0.028571 0.092857
0.014286 0.035714 0.092857
0.014286 0.042857 0.092857
0.014286 0.050000 0.092857
0.014286 0.057143 0.092857
0.014286 0.064286 0.092857
0.014286 0.071429 0.092857
0.014286 0.078571 0.092857
0.014286 0.085714 0.092857
0.014286 0.092857 0.092857
0.014286 0.100000 0.092857
0.021429 0.000000 0.092857
0.021429 0.007143 0.092857
0.021429 0.014286 0.092857
0.021429 0.021429 0.092857
0.021429 0.028571 0.092857
0.021429 0.035714 0.092857
0.021429 0.042857 0.092857
0.021429 0.050000 0.092857
0.021429 0.057143 0.092857
0.021429 0.064286 0.092857
0.021429 0.071429 0.092857
0.021429 0.078571 0.092857
0.021429 0.085714 0.092857
0.021429 0.092857 0.092857
0.021429 0.100000 0.092857
0.028571 0.000000 0.092857
0.028571 0.007143 0.092857
0.028571 0.014286 0.092857
0.028571 0.021429 0.092857
0.028571 0.028571 0.092857
0.028571 0.035714 0.092857
0.028571 0.042857 0.092857
0.028571 0.050000 0.092857
0.028571 0.057143 0.092857
0.028571 0.064286 0.092857
0.028571 0.071429 0.092857
0.028571 0.078571 0.092857
0.028571 0.085714 0.092857
0.028571 0.092857 0.092857
0.028571 0.100000 0.092857
0.035714 0.000000 0.092857
0.035714 0.007143 0.092857
0.035714 0.014286 0.092857
0.035714 0.021429 0.092857
0.035714 0.028571 0.092857
0.035714 0.035714 0.092857
0.035714 0.042857 0.092857
0.035714 0.050000 0.092857
0.035714 0.057143 0.092857
0.035714 0.064286 0.092857
0.035714 0.071429 0.092857
0.035714 0.078571 0.092857
0.035714 0.085714 0.092857
0.035714 0.092857 0.092857
0.035714 0.100000 0.092857
0.042857 0.000000 0.092857
0.042857 0.007143 0.092857
0.042857 0.014286 0.092857
0.042857 0.021429 0.092857
0.042857 0.028571 0.092857
0.042857 0.035714 0.092857
0.042857 0.042857 0.092857
0.042857 0.050000 0.092857
0.042857 0.057143 0.092857
0.042857 0.064286 0.092857
0.042857 0.071429 0.092857
0.042857 0.078571 0.092857
0.042857 0.085714 0.092857
0.042857 0.092857 0.092857
0.042857 0.100000 0.092857
0.050000 0.000000 0.092857
0.050000 0.007143 0.092857
0.050000 0.014286 0.092857
0.050000 0.021429 0.092857
0.050000 0.028571 0.092857
0.050000 0.035714 0.092857
0.050000 0.042857 0.092857
0.050000 0.050000 0.092857
0.050000 0.057143 0.092857
0.050000 0.064286 0.092857
0.050000 0.071429 0.092857
0.050000 0.078571 0.092857
0.050000 0.085714 0.092857
0.050000 0.092857 0.092857
0.050000 0.100000 0.092857
0.057143 0.000000 0.092857
0.057143 0.007143 0.092857
0.057143 0.014286 0.092857
0.057143 0.021429 0.092857
0.057143 0.028571 0.092857
0.057143 0.035714 0.092857
0.057143 0.042857 0.092857
0.057143 0.050000 0.092857
0.057143 0.057143 0.092857
0.057143 0.064286 0.092857
0.057143 0.071429 0.092857
0.057143 0.078571 0.092857
0.057143 0.085714 0.092857
0.057143 0.092857 0.092857
0.057143 0.100000 0.092857
0.064286 0.000000 0.092857
0.064286 0.007143 0.092857
0.064286 0.014286 0.092857
0.064286 0.021429 0.092857
0.064286 0.028571 0.092857
0.064286 0.035714 0.092857
0.064286 0.042857 0.092857
0.064286 0.050000 0.092857
0.064286 0.057143 0.092857
0.064286 0.064286 0.092857
0.064286 0.071429 0.092857
0.064286 0.078571 0.092857
0.064286 0.085714 0.092857
0.064286 0.092857 0.092857
0.064286 0.100000 0.092857
0.071429 0.000000 0.092857
0.071429 0.007143 0.092857
0.071429 0.014286 0.092857
0.071429 0.021429 0.092857
0.071429 0.028571 0.092857
0.071429 0.035714 0.092857
0.071429 0.042857 0.092857
0.071429 0.050000 0.092857
0.071429 0.057143 0.092857
0.071429 0.064286 0.092857
0.071429 0.071429 0.092857
0.071429 0.078571 0.092857
0.071429 0.085714 0.092857
0.071429 0.092857 0.092857
0.071429 0.100000 0.092857
0.078571 0.000000 0.092857
0.078571 0.007143 0.092857
0.078571 0.014286 0.092857
0.078571 0.021429 0.092857
0.078571 0.028571 0.092857
0.078571 0.035714 0.092857
0.078571 0.042857 0.092857
0.078571 0.050000 0.092857
0.078571 0.057143 0.092857
0.078571 0.064286 0.092857
0.078571 0.071429 0.092857
0.078571 0.078571 0.092857
0.078571 0.085714 0.092857
0.078571 0.092857 0.092857
0.078571 0.100000 0.092857
0.085714 0.000000 0.092857
0.085714 0.007143 0.092857
0.085714 0.014286 0.092857
0.085714 0.021429 0.092857
0.085714 0.028571 0.092857
0.085714 0.035714 0.092857
0.085714 0.042857 0.092857
0.085714 0.050000 0.092857
0.085714 0.057143 0.092857
0.085714 0.064286 0.092857
0.085714 0.071429 0.092857
0.085714 0.078571 0.092857
0.085714 0.085714 0.092857
0.085714 0.092857 0.092857
0.085714 0.100000 0.092857
0.092857 0.000000 0.092857
0.092857 0.007143 0.092857
0.092857 0.014286 0.092857
0.092857 0.021429 0.092857
0.092857 0.028571 0.092857
0.092857 0.035714 0.092857
0.092857 0.042857 0.092857
0.092857 0.050000 0.092857
0.092857 0.057143 0.092857
0.092857 0.064286 0.092857
0.092857 0.071429 0.092857
0.092857 0.078571 0.092857
0.092857 0.085714 0.092857
0.092857 0.092857 0.092857
0.092857 0.100000 0.092857
0.100000 0.000000 0.092857
0.100000 0.007143 0.092857
0.100000 0.014286 0.092857
0.100000 0.021429 0.092857
0.100000 0.028571 0.092857
0.100000 0.035714 0.092857
0.100000 0.042857 0.092857
0.100000 0.050000 0.092857
0.100000 0.057143 0.092857
0.100000 0.064286 0.092857
0.100000 0.071429 0.092857
0.100000 0.078571 0.092857
0.100000 0.085714 0.092857
0.100000 0.092857 0.092857
0.100000 0.100000 0.092857
0.000000 0.000000 0.100000
0.000000 0.007143 0.100000
0.000000 0.014286 0.100000
0.000000 0.021429 0.100000
0.000000 0.028571 0.100000
0.000000 0.035714 0.100000
0.000000 0.042857 0.100000
0.000000 0.050000 0.100000
0.000000 0.057143 0.100000
0.000000 0.064286 0.100000
0.000000 0.071429 0.100000
0.000000 0.078571 0.100000
0.000000 0.085714 0.100000
0.000000 0.092857 0.100000
0.000000 0.100000 0.100000
0.007143 0.000000 0.100000
0.007143 0.007143 0.100000
0.007143 0.014286 0.100000
0.007143 0.021429 0.100000
0.007143 0.028571 0.100000
0.007143 0.035714 0.100000
0.007143 0.042857 0.100000
0.007143 0.050000 0.100000
0.007143 0.057143 0.100000
0.007143 0.064286 0.100000
0.007143 0.071429 0.100000
0.007143 0.078571 0.100000
0.007143 0.085714 0.100000
0.007143 0.092857 0.100000
0.007143 0.100000 0.100000
0.014286 0.000000 0.100000
0.014286 0.007143 0.100000
0.014286 0.014286 0.100000
0.014286 0.021429 0.100000
0.014286 0.028571 0.100000
0.014286 0.035714 0.100000
0.014286 0.042857 0.100000
0.014286 0.050000 0.100000
0.014286 0.057143 0.100000
0.014286 0.064286 0.100000
0.014286 0.071429 0.100000
0.014286 0.078571 0.100000
0.014286 0.085714 0.100000
0.014286 0.092857 0.100000
0.014286 0.100000 0.100000
0.021429 0.000000 0.100000
0.021429 0.007143 0.100000
0.021429 0.014286 0.100000
0.021429 0.021429 0.100000
0.021429 0.028571 0.100000
0.021429 0.035714 0.100000
0.021429 0.042857 0.100000
0.021429 0.050000 0.100000
0.021429 0.057143 0.100000
0.021429 0.064286 0.100000
0.021429 0.071429 0.100000
0.021429 0.078571 0.100000
0.021429 0.085714 0.100000
0.021429 0.092857 0.100000
0.021429 0.100000 0.100000
0.028571 0.000000 0.100000
0.028571 0.007143 0.100000
0.028571 0.014286 0.100000
0.028571 0.021429 0.100000
0.028571 0.028571 0.100000
0.028571 0.035714 0.100000
0.028571 0.042857 0.100000
0.028571 0.050000 0.100000
0.028571 0.057143 0.100000
0.028571 0.064286 0.100000
0.028571 0.071429 0.100000
0.028571 0.078571 0.100000
0.028571 0.085714 0.100000
0.028571 0.092857 0.100000
0.028571 0.100000 0.100000
0.035714 0.000000 0.100000
0.035714 0.007143 0.100000
0.035714 0.014286 0.100000
0.035714 0.021429 0.100000
0.035714 0.028571 0.100000
0.035714 0.035714 0.100000
0.035714 0.042857 0.100000
0.035714 0.050000 0.100000
0.035714 0.057143 0.100000
0.035714 0.064286 0.100000
0.035714 0.071429 0.100000
0.035714 0.078571 0.100000
0.035714 0.085714 0.100000
0.035714 0.092857 0.100000
0.035714 0.100000 0.100000
0.042857 0.000000 0.100000
0.042857 0.007143 0.100000
0.042857 0.014286 0.100000
0.042857 0.021429 0.100000
0.042857 0.028571 0.100000
0.042857 0.035714 0.100000
0.042857 0.042857 0.100000
0.042857 0.050000 0.100000
0.042857 0.057143 0.100000
0.042857 0.064286 0.100000
0.042857 0.071429 0.100000
0.042857 0.078571 0.100000
0.042857 0.085714 0.100000
0.042857 0.092857 0.100000
0.042857 0.100000 0.100000
0.050000 0.000000 0.100000
0.050000 0.007143 0.100000
0.050000 0.014286 0.100000
0.050000 0.021429 0.100000
0.050000 0.028571 0.100000
0.050000 0.035714 0.100000
0.050000 0.042857 0.100000
0.050000 0.050000 0.100000
0.050000 0.057143 0.100000
0.050000 0.064286 0.100000
0.050000 0.071429 0.100000
0.050000 0.078571 0.100000
0.050000 0.085714 0.100000
0.050000 0.092857 0.100000
0.050000 0.100000 0.100000
0.057143 0.000000 0.100000
0.057143 0.007143 0.100000
0.057143 0.014286 0.100000
0.057143 0.021429 0.100000
0.057143 0.028571 0.100000
0.057143 0.035714 0.100000
0.057143 0.042857 0.100000
0.057143 0.050000 0.100000
0.057143 0.057143 0.100000
0.057143 0.064286 0.100000
0.057143 0.071429 0.100000
0.057143 0.078571 0.100000
0.057143 0.085714 0.100000
0.057143 0.092857 0.100000
0.057143 0.100000 0.100000
0.064286 0.000000 0.100000
0.064286 0.007143 0.100000
0.064286 0.014286 0.100000
0.064286 0.021429 0.100000
0.064286 0.028571 0.100000
0.064286 0.035714 0.100000
0.064286 0.042857 0.100000
0.064286 0.050000 0.100000
0.064286 0.057143 0.100000
0.064286 0.064286 0.100000
0.064286 0.071429 0.100000
0.064286 0.078571 0.100000
0.064286 0.085714 0.100000
0.064286 0.092857 0.100000
0.064286 0.100000 0.100000
0.071429 0.000000 0.100000
0.071429 0.007143 0.100000
0.071429 0.014286 0.100000
0.071429 0.021429 0.100000
0.071429 0.028571 0.100000
0.071429 0.035714 0.100000
0.071429 0.042857 0.100000
0.071429 0.050000 0.100000
0.071429 0.057143 0.100000
0.071429 0.064286 0.100000
0.071429 0.071429 0.100000
0.071429 0.078571 0.100000
0.071429 0.085714 0.100000
0.071429 0.092857 0.100000
0.071429 0.100000 0.100000
0.078571 0.000000 0.100000
0.078571 0.007143 0.100000
0.078571 0.014286 0.100000
0.078571 0.021429 0.100000
0.078571 0.028571 0.100000
0.078571 0.035714 0.100000
0.078571 0.042857 0.100000
0.078571 0.050000 0.100000
0.078571 0.057143 0.100000
0.078571 0.064286 0.100000
0.078571 0.071429 0.100000
0.078571 0.078571 0.100000
0.078571 0.085714 0.100000
0.078571 0.092857 0.100000
0.078571 0.100000 0.100000
0.085714 0.000000 0.100000
0.085714 0.007143 0.100000
0.085714 0.014286 0.100000
0.085714 0.021429 0.100000
0.085714 0.028571 0.100000
0.085714 0.035714 0.100000
0.085714 0.042857 0.100000
0.085714 0.050000 0.100000
0.085714 0.057143 0.100000
0.085714 0.064286 0.100000
0.085714 0.071429 0.100000
0.085714 0.078571 0.100000
0.085714 0.085714 0.100000
0.085714 0.092857 0.100000
0.085714 0.100000 0.100000
0.092857 0.000000 0.100000
0.092857 0.007143 0.100000
0.092857 0.014286 0.100000
0.092857 0.021429 0.100000
0.092857 0.028571 0.100000
0.092857 0.035714 0.100000
0.092857 0.042857 0.100000
0.092857 0.050000 0.100000
0.092857 0.057143 0.100000
0.092857 0.064286 0.100000
0.092857 0.071429 0.100000
0.092857 0.078571 0.100000
0.092857 0.085714 0.100000
0.092857 0.092857 0.100000
0.092857 0.100000 0.100000
0.100000 0.000000 0.100000
0.100000 0.007143 0.100000
0.100000 0.014286 0.100000
0.100000 0.021429 0.100000
0.100000 0.028571 0.100000
0.100000 0.035714 0.100000
0.100000 0.042857 0.100000
0.100000 0.050000 0.100000
0.100000 0.057143 0.100000
0.100000 0.064286 0.100000
0.100000 0.071429 0.100000
0.100000 0.078571 0.100000
0.100000 0.085714 0.100000
0.100000 0.092857 0.100000
0.100000 0.100000 0.100000
