1728
0.000000 0.000000 0.000000
0.000000 0.009091 0.000000
0.000000 0.018182 0.000000
0.000000 0.027273 0.000000
0.000000 0.036364 0.000000
0.000000 0.045455 0.000000
0.000000 0.054545 0.000000
0.000000 0.063636 0.000000
0.000000 0.072727 0.000000
0.000000 0.081818 0.000000
0.000000 0.090909 0.000000
0.000000 0.100000 0.000000
0.009091 0.000000 0.000000
0.009091 0.009091 0.000000
0.009091 0.018182 0.000000
0.009091 0.027273 0.000000
0.009091 0.036364 0.000000
0.009091 0.045455 0.000000
0.009091 0.054545 0.000000
0.009091 0.063636 0.000000
0.009091 0.072727 0.000000
0.009091 0.081818 0.000000
0.009091 0.090909 0.000000
0.009091 0.100000 0.000000
0.018182 0.000000 0.000000
0.018182 0.009091 0.000000
0.018182 0.018182 0.000000
0.018182 0.027273 0.000000
0.018182 0.036364 0.000000
0.018182 0.045455 0.000000
0.018182 0.054545 0.000000
0.018182 0.063636 0.000000
0.018182 0.072727 0.000000
0.018182 0.081818 0.000000
0.018182 0.090909 0.000000
0.018182 0.100000 0.000000
0.027273 0.000000 0.000000
0.027273 0.009091 0.000000
0.027273 0.018182 0.000000
0.027273 0.027273 0.000000
0.027273 0.036364 0.000000
0.027273 0.045455 0.000000
0.027273 0.054545 0.000000
0.027273 0.063636 0.000000
0.027273 0.072727 0.000000
0.027273 0.081818 0.000000
0.027273 0.090909 0.000000
0.027273 0.100000 0.000000
0.036364 0.000000 0.000000
0.036364 0.009091 0.000000
0.036364 0.018182 0.000000
0.036364 0.027273 0.000000
0.036364 0.036364 0.000000
0.036364 0.045455 0.000000
0.036364 0.054545 0.000000
0.036364 0.063636 0.000000
0.036364 0.072727 0.000000
0.036364 0.081818 0.000000
0.036364 0.090909 0.000000
0.036364 0.100000 0.000000
0.045455 0.000000 0.000000
0.045455 0.009091 0.000000
0.045455 0.018182 0.000000
0.045455 0.027273 0.000000
0.045455 0.036364 0.000000
0.045455 0.045455 0.000000
0.045455 0.054545 0.000000
0.045455 0.063636 0.000000
0.045455 0.072727 0.000000
0.045455 0.081818 0.000000
0.045455 0.090909 0.000000
0.045455 0.100000 0.000000
0.054545 0.000000 0.000000
0.054545 0.009091 0.000000
0.054545 0.018182 0.000000
0.054545 0.027273 0.000000
0.054545 0.036364 0.000000
0.054545 0.045455 0.000000
0.054545 0.054545 0.000000
0.054545 0.063636 0.000000
0.054545 0.072727 0.000000
0.054545 0.081818 0.000000
0.054545 0.090909 0.000000
0.054545 0.100000 0.000000
0.063636 0.000000 0.000000
0.063636 0.009091 0.000000
0.063636 0.018182 0.000000
0.063636 0.027273 0.000000
0.063636 0.036364 0.000000
0.063636 0.045455 0.000000
0.063636 0.054545 0.000000
0.063636 0.063636 0.000000
0.063636 0.072727 0.000000
0.063636 0.081818 0.000000
0.063636 0.090909 0.000000
0.063636 0.100000 0.000000
0.072727 0.000000 0.000000
0.072727 0.009091 0.000000
0.072727 0.018182 0.000000
0.072727 0.027273 0.000000
0.072727 0.036364 0.000000
0.072727 0.045455 0.000000
0.072727 0.054545 0.000000
0.072727 0.063636 0.000000
0.072727 0.072727 0.000000
0.072727 0.081818 0.000000
0.072727 0.090909 0.000000
0.072727 0.100000 0.000000
0.081818 0.000000 0.000000
0.081818 0.009091 0.000000
0.081818 0.018182 0.000000
0.081818 0.027273 0.000000
0.081818 0.036364 0.000000
0.081818 0.045455 0.000000
0.081818 0.054545 0.000000
0.081818 0.063636 0.000000
0.081818 0.072727 0.000000
0.081818 0.081818 0.000000
0.081818 0.090909 0.000000
0.081818 0.100000 0.000000
0.090909 0.000000 0.000000
0.090909 0.009091 0.000000
0.090909 0.018182 0.000000
0.090909 0.027273 0.000000
0.090909 0.036364 0.000000
0.090909 0.045455 0.000000
0.090909 0.054545 0.000000
0.090909 0.063636 0.000000
0.090909 0.072727 0.000000
0.090909 0.081818 0.000000
0.090909 0.090909 0.000000
0.090909 0.100000 0.000000
0.100000 0.000000 0.000000
0.100000 0.009091 0.000000
0.100000 0.018182 0.000000
0.100000 0.027273 0.000000
0.100000 0.036364 0.000000
0.100000 0.045455 0.000000
0.100000 0.054545 0.000000
0.100000 0.063636 0.000000
0.100000 0.072727 0.000000
0.100000 0.081818 0.000000
0.100000 0.090909 0.000000
0.100000 0.100000 0.000000
0.000000 0.000000 0.009091
0.000000 0.009091 0.009091
0.000000 0.018182 0.009091
0.000000 0.027273 0.009091
0.000000 0.036364 0.009091
0.000000 0.045455 0.009091
0.000000 0.054545 0.009091
0.000000 0.063636 0.009091
0.000000 0.072727 0.009091
0.000000 0.081818 0.009091
0.000000 0.090909 0.009091
0.000000 0.100000 0.009091
0.009091 0.000000 0.009091
0.009091 0.009091 0.009091
0.009091 0.018182 0.009091
0.009091 0.027273 0.009091
0.009091 0.036364 0.009091
0.009091 0.045455 0.009091
0.009091 0.054545 0.009091
0.009091 0.063636 0.009091
0.009091 0.072727 0.009091
0.009091 0.081818 0.009091
0.009091 0.090909 0.009091
0.009091 0.100000 0.009091
0.018182 0.000000 0.009091
0.018182 0.009091 0.009091
0.018182 0.018182 0.009091
0.018182 0.027273 0.009091
0.018182 0.036364 0.009091
0.018182 0.045455 0.009091
0.018182 0.054545 0.009091
0.018182 0.063636 0.009091
0.018182 0.072727 0.009091
0.018182 0.081818 0.009091
0.018182 0.090909 0.009091
0.018182 0.100000 0.009091
0.027273 0.000000 0.009091
0.027273 0.009091 0.009091
0.027273 0.018182 0.009091
0.027273 0.027273 0.009091
0.027273 0.036364 0.009091
0.027273 0.045455 0.009091
0.027273 0.054545 0.009091
0.027273 0.063636 0.009091
0.027273 0.072727 0.009091
0.027273 0.081818 0.009091
0.027273 0.090909 0.009091
0.027273 0.100000 0.009091
0.036364 0.000000 0.009091
0.036364 0.009091 0.009091
0.036364 0.018182 0.009091
0.036364 0.027273 0.009091
0.036364 0.036364 0.009091
0.036364 0.045455 0.009091
0.036364 0.054545 0.009091
0.036364 0.063636 0.009091
0.036364 0.072727 0.009091
0.036364 0.081818 0.009091
0.036364 0.090909 0.009091
0.036364 0.100000 0.009091
0.045455 0.000000 0.009091
0.045455 0.009091 0.009091
0.045455 0.018182 0.009091
0.045455 0.027273 0.009091
0.045455 0.036364 0.009091
0.045455 0.045455 0.009091
0.045455 0.054545 0.009091
0.045455 0.063636 0.009091
0.045455 0.072727 0.009091
0.045455 0.081818 0.009091
0.045455 0.090909 0.009091
0.045455 0.100000 0.009091
0.054545 0.000000 0.009091
0.054545 0.009091 0.009091
0.054545 0.018182 0.009091
0.054545 0.027273 0.009091
0.054545 0.036364 0.009091
0.054545 0.045455 0.009091
0.054545 0.054545 0.009091
0.054545 0.063636 0.009091
0.054545 0.072727 0.009091
0.054545 0.081818 0.009091
0.054545 0.090909 0.009091
0.054545 0.100000 0.009091
0.063636 0.000000 0.009091
0.063636 0.009091 0.009091
0.063636 0.018182 0.009091
0.063636 0.027273 0.009091
0.063636 0.036364 0.009091
0.063636 0.045455 0.009091
0.063636 0.054545 0.009091
0.063636 0.063636 0.009091
0.063636 0.072727 0.009091
0.063636 0.081818 0.009091
0.063636 0.090909 0.009091
0.063636 0.100000 0.009091
0.072727 0.000000 0.009091
0.072727 0.009091 0.009091
0.072727 0.018182 0.009091
0.072727 0.027273 0.009091
0.072727 0.036364 0.009091
0.072727 0.045455 0.009091
0.072727 0.054545 0.009091
0.072727 0.063636 0.009091
0.072727 0.072727 0.009091
0.072727 0.081818 0.009091
0.072727 0.090909 0.009091
0.072727 0.100000 0.009091
0.081818 0.000000 0.009091
0.081818 0.009091 0.009091
0.081818 0.018182 0.009091
0.081818 0.027273 0.009091
0.081818 0.036364 0.009091
0.081818 0.045455 0.009091
0.081818 0.054545 0.009091
0.081818 0.063636 0.009091
0.081818 0.072727 0.009091
0.081818 0.081818 0.009091
0.081818 0.090909 0.009091
0.081818 0.100000 0.009091
0.090909 0.000000 0.009091
0.090909 0.009091 0.009091
0.090909 0.018182 0.009091
0.090909 0.027273 0.009091
0.090909 0.036364 0.009091
0.090909 0.045455 0.009091
0.090909 0.054545 0.009091
0.090909 0.063636 0.009091
0.090909 0.072727 0.009091
0.090909 0.081818 0.009091
0.090909 0.090909 0.009091
0.090909 0.100000 0.009091
0.100000 0.000000 0.009091
0.100000 0.009091 0.009091
0.100000 0.018182 0.009091
0.100000 0.027273 0.009091
0.100000 0.036364 0.009091
0.100000 0.045455 0.009091
0.100000 0.054545 0.009091
0.100000 0.063636 0.009091
0.100000 0.072727 0.009091
0.100000 0.081818 0.009091
0.100000 0.090909 0.009091
0.100000 0.100000 0.009091
0.000000 0.000000 0.018182
0.000000 0.009091 0.018182
0.000000 0.018182 0.018182
0.000000 0.027273 0.018182
0.000000 0.036364 0.018182
0.000000 0.045455 0.018182
0.000000 0.054545 0.018182
0.000000 0.063636 0.018182
0.000000 0.072727 0.018182
0.000000 0.081818 0.018182
0.000000 0.090909 0.018182
0.000000 0.100000 0.018182
0.009091 0.000000 0.018182
0.009091 0.009091 0.018182
0.009091 0.018182 0.018182
0.009091 0.027273 0.018182
0.009091 0.036364 0.018182
0.009091 0.045455 0.018182
0.009091 0.054545 0.018182
0.009091 0.063636 0.018182
0.009091 0.072727 0.018182
0.009091 0.081818 0.018182
0.009091 0.090909 0.018182
0.009091 0.100000 0.018182
0.018182 0.000000 0.018182
0.018182 0.009091 0.018182
0.018182 0.018182 0.018182
0.018182 0.027273 0.018182
0.018182 0.036364 0.018182
0.018182 0.045455 0.018182
0.018182 0.054545 0.018182
0.018182 0.063636 0.018182
0.018182 0.072727 0.018182
0.018182 0.081818 0.018182
0.018182 0.090909 0.018182
0.018182 0.100000 0.018182
0.027273 0.000000 0.018182
0.027273 0.009091 0.018182
0.027273 0.018182 0.018182
0.027273 0.027273 0.018182
0.027273 0.036364 0.018182
0.027273 0.045455 0.018182
0.027273 0.054545 0.018182
0.027273 0.063636 0.018182
0.027273 0.072727 0.018182
0.027273 0.081818 0.018182
0.027273 0.090909 0.018182
0.027273 0.100000 0.018182
0.036364 0.000000 0.018182
0.036364 0.009091 0.018182
0.036364 0.018182 0.018182
0.036364 0.027273 0.018182
0.036364 0.036364 0.018182
0.036364 0.045455 0.018182
0.036364 0.054545 0.018182
0.036364 0.063636 0.018182
0.036364 0.072727 0.018182
0.036364 0.081818 0.018182
0.036364 0.090909 0.018182
0.036364 0.100000 0.018182
0.045455 0.000000 0.018182
0.045455 0.009091 0.018182
0.045455 0.018182 0.018182
0.045455 0.027273 0.018182
0.045455 0.036364 0.018182
0.045455 0.045455 0.018182
0.045455 0.054545 0.018182
0.045455 0.063636 0.018182
0.045455 0.072727 0.018182
0.045455 0.081818 0.018182
0.045455 0.090909 0.018182
0.045455 0.100000 0.018182
0.054545 0.000000 0.018182
0.054545 0.009091 0.018182
0.054545 0.018182 0.018182
0.054545 0.027273 0.018182
0.054545 0.036364 0.018182
0.054545 0.045455 0.018182
0.054545 0.054545 0.018182
0.054545 0.063636 0.018182
0.054545 0.072727 0.018182
0.054545 0.081818 0.018182
0.054545 0.090909 0.018182
0.054545 0.100000 0.018182
0.063636 0.000000 0.018182
0.063636 0.009091 0.018182
0.063636 0.018182 0.018182
0.063636 0.027273 0.018182
0.063636 0.036364 0.018182
0.063636 0.045455 0.018182
0.063636 0.054545 0.018182
0.063636 0.063636 0.018182
0.063636 0.072727 0.018182
0.063636 0.081818 0.018182
0.063636 0.090909 0.018182
0.063636 0.100000 0.018182
0.072727 0.000000 0.018182
0.072727 0.009091 0.018182
0.072727 0.018182 0.018182
0.072727 0.027273 0.018182
0.072727 0.036364 0.018182
0.072727 0.045455 0.018182
0.072727 0.054545 0.018182
0.072727 0.063636 0.018182
0.072727 0.072727 0.018182
0.072727 0.081818 0.018182
0.072727 0.090909 0.018182
0.072727 0.100000 0.018182
0.081818 0.000000 0.018182
0.081818 0.009091 0.018182
0.081818 0.018182 0.018182
0.081818 0.027273 0.018182
0.081818 0.036364 0.018182
0.081818 0.045455 0.018182
0.081818 0.054545 0.018182
0.081818 0.063636 0.018182
0.081818 0.072727 0.018182
0.081818 0.081818 0.018182
0.081818 0.090909 0.018182
0.081818 0.100000 0.018182
0.090909 0.000000 0.018182
0.090909 0.009091 0.018182
0.090909 0.018182 0.018182
0.090909 0.027273 0.018182
0.090909 0.036364 0.018182
0.090909 0.045455 0.018182
0.090909 0.054545 0.018182
0.090909 0.063636 0.018182
0.090909 0.072727 0.018182
0.090909 0.081818 0.018182
0.090909 0.090909 0.018182
0.090909 0.100000 0.018182
0.100000 0.000000 0.018182
0.100000 0.009091 0.018182
0.100000 0.018182 0.018182
0.100000 0.027273 0.018182
0.100000 0.036364 0.018182
0.100000 0.045455 0.018182
0.100000 0.054545 0.018182
0.100000 0.063636 0.018182
0.100000 0.072727 0.018182
0.100000 0.081818 0.018182
0.100000 0.090909 0.018182
0.100000 0.100000 0.018182
0.000000 0.000000 0.027273
0.000000 0.009091 0.027273
0.000000 0.018182 0.027273
0.000000 0.027273 0.027273
0.000000 0.036364 0.027273
0.000000 0.045455 0.027273
0.000000 0.054545 0.027273
0.000000 0.063636 0.027273
0.000000 0.072727 0.027273
0.000000 0.081818 0.027273
0.000000 0.090909 0.027273
0.000000 0.100000 0.027273
0.009091 0.000000 0.027273
0.009091 0.009091 0.027273
0.009091 0.018182 0.027273
0.009091 0.027273 0.027273
0.009091 0.036364 0.027273
0.009091 0.045455 0.027273
0.009091 0.054545 0.027273
0.009091 0.063636 0.027273
0.009091 0.072727 0.027273
0.009091 0.081818 0.027273
0.009091 0.090909 0.027273
0.009091 0.100000 0.027273
0.018182 0.000000 0.027273
0.018182 0.009091 0.027273
0.018182 0.018182 0.027273
0.018182 0.027273 0.027273
0.018182 0.036364 0.027273
0.018182 0.045455 0.027273
0.018182 0.054545 0.027273
0.018182 0.063636 0.027273
0.018182 0.072727 0.027273
0.018182 0.081818 0.027273
0.018182 0.090909 0.027273
0.018182 0.100000 0.027273
0.027273 0.000000 0.027273
0.027273 0.009091 0.027273
0.027273 0.018182 0.027273
0.027273 0.027273 0.027273
0.027273 0.036364 0.027273
0.027273 0.045455 0.027273
0.027273 0.054545 0.027273
0.027273 0.063636 0.027273
0.027273 0.072727 0.027273
0.027273 0.081818 0.027273
0.027273 0.090909 0.027273
0.027273 0.100000 0.027273
0.036364 0.000000 0.027273
0.036364 0.009091 0.027273
0.036364 0.018182 0.027273
0.036364 0.027273 0.027273
0.036364 0.036364 0.027273
0.036364 0.045455 0.027273
0.036364 0.054545 0.027273
0.036364 0.063636 0.027273
0.036364 0.072727 0.027273
0.036364 0.081818 0.027273
0.036364 0.090909 0.027273
0.036364 0.100000 0.027273
0.045455 0.000000 0.027273
0.045455 0.009091 0.027273
0.045455 0.018182 0.027273
0.045455 0.027273 0.027273
0.045455 0.036364 0.027273
0.045455 0.045455 0.027273
0.045455 0.054545 0.027273
0.045455 0.063636 0.027273
0.045455 0.072727 0.027273
0.045455 0.081818 0.027273
0.045455 0.090909 0.027273
0.045455 0.100000 0.027273
0.054545 0.000000 0.027273
0.054545 0.009091 0.027273
0.054545 0.018182 0.027273
0.054545 0.027273 0.027273
0.054545 0.036364 0.027273
0.054545 0.045455 0.027273
0.054545 0.054545 0.027273
0.054545 0.063636 0.027273
0.054545 0.072727 0.027273
0.054545 0.081818 0.027273
0.054545 0.090909 0.027273
0.054545 0.100000 0.027273
0.063636 0.000000 0.027273
0.063636 0.009091 0.027273
0.063636 0.018182 0.027273
0.063636 0.027273 0.027273
0.063636 0.036364 0.027273
0.063636 0.045455 0.027273
0.063636 0.054545 0.027273
0.063636 0.063636 0.027273
0.063636 0.072727 0.027273
0.063636 0.081818 0.027273
0.063636 0.090909 0.027273
0.063636 0.100000 0.027273
0.072727 0.000000 0.027273
0.072727 0.009091 0.027273
0.072727 0.018182 0.027273
0.072727 0.027273 0.027273
0.072727 0.036364 0.027273
0.072727 0.045455 0.027273
0.072727 0.054545 0.027273
0.072727 0.063636 0.027273
0.072727 0.072727 0.027273
0.072727 0.081818 0.027273
0.072727 0.090909 0.027273
0.072727 0.100000 0.027273
0.081818 0.000000 0.027273
0.081818 0.009091 0.027273
0.081818 0.018182 0.027273
0.081818 0.027273 0.027273
0.081818 0.036364 0.027273
0.081818 0.045455 0.027273
0.081818 0.054545 0.027273
0.081818 0.063636 0.027273
0.081818 0.072727 0.027273
0.081818 0.081818 0.027273
0.081818 0.090909 0.027273
0.081818 0.100000 0.027273
0.090909 0.000000 0.027273
0.090909 0.009091 0.027273
0.090909 0.018182 0.027273
0.090909 0.027273 0.027273
0.090909 0.036364 0.027273
0.090909 0.045455 0.027273
0.090909 0.054545 0.027273
0.090909 0.063636 0.027273
0.090909 0.072727 0.027273
0.090909 0.081818 0.027273
0.090909 0.090909 0.027273
0.090909 0.100000 0.027273
0.100000 0.000000 0.027273
0.100000 0.009091 0.027273
0.100000 0.018182 0.027273
0.100000 0.027273 0.027273
0.100000 0.036364 0.027273
0.100000 0.045455 0.027273
0.100000 0.054545 0.027273
0.100000 0.063636 0.027273
0.100000 0.072727 0.027273
0.100000 0.081818 0.027273
0.100000 0.090909 0.027273
0.100000 0.100000 0.027273
0.000000 0.000000 0.036364
0.000000 0.009091 0.036364
0.000000 0.018182 0.036364
0.000000 0.027273 0.036364
0.000000 0.036364 0.036364
0.000000 0.045455 0.036364
0.000000 0.054545 0.036364
0.000000 0.063636 0.036364
0.000000 0.072727 0.036364
0.000000 0.081818 0.036364
0.000000 0.090909 0.036364
0.000000 0.100000 0.036364
0.009091 0.000000 0.036364
0.009091 0.009091 0.036364
0.009091 0.018182 0.036364
0.009091 0.027273 0.036364
0.009091 0.036364 0.036364
0.009091 0.045455 0.036364
0.009091 0.054545 0.036364
0.009091 0.063636 0.036364
0.009091 0.072727 0.036364
0.009091 0.081818 0.036364
0.009091 0.090909 0.036364
0.009091 0.100000 0.036364
0.018182 0.000000 0.036364
0.018182 0.009091 0.036364
0.018182 0.018182 0.036364
0.018182 0.027273 0.036364
0.018182 0.036364 0.036364
0.018182 0.045455 0.036364
0.018182 0.054545 0.036364
0.018182 0.063636 0.036364
0.018182 0.072727 0.036364
0.018182 0.081818 0.036364
0.018182 0.090909 0.036364
0.018182 0.100000 0.036364
0.027273 0.000000 0.036364
0.027273 0.009091 0.036364
0.027273 0.018182 0.036364
0.027273 0.027273 0.036364
0.027273 0.036364 0.036364
0.027273 0.045455 0.036364
0.027273 0.054545 0.036364
0.027273 0.063636 0.036364
0.027273 0.072727 0.036364
0.027273 0.081818 0.036364
0.027273 0.090909 0.036364
0.027273 0.100000 0.036364
0.036364 0.000000 0.036364
0.036364 0.009091 0.036364
0.036364 0.018182 0.036364
0.036364 0.027273 0.036364
0.036364 0.036364 0.036364
0.036364 0.045455 0.036364
0.036364 0.054545 0.036364
0.036364 0.063636 0.036364
0.036364 0.072727 0.036364
0.036364 0.081818 0.036364
0.036364 0.090909 0.036364
0.036364 0.100000 0.036364
0.045455 0.000000 0.036364
0.045455 0.009091 0.036364
0.045455 0.018182 0.036364
0.045455 0.027273 0.036364
0.045455 0.036364 0.036364
0.045455 0.045455 0.036364
0.045455 0.054545 0.036364
0.045455 0.063636 0.036364
0.045455 0.072727 0.036364
0.045455 0.081818 0.036364
0.045455 0.090909 0.036364
0.045455 0.100000 0.036364
0.054545 0.000000 0.036364
0.054545 0.009091 0.036364
0.054545 0.018182 0.036364
0.054545 0.027273 0.036364
0.054545 0.036364 0.036364
0.054545 0.045455 0.036364
0.054545 0.054545 0.036364
0.054545 0.063636 0.036364
0.054545 0.072727 0.036364
0.054545 0.081818 0.036364
0.054545 0.090909 0.036364
0.054545 0.100000 0.036364
0.063636 0.000000 0.036364
0.063636 0.009091 0.036364
0.063636 0.018182 0.036364
0.063636 0.027273 0.036364
0.063636 0.036364 0.036364
0.063636 0.045455 0.036364
0.063636 0.054545 0.036364
0.063636 0.063636 0.036364
0.063636 0.072727 0.036364
0.063636 0.081818 0.036364
0.063636 0.090909 0.036364
0.063636 0.100000 0.036364
0.072727 0.000000 0.036364
0.072727 0.009091 0.036364
0.072727 0.018182 0.036364
0.072727 0.027273 0.036364
0.072727 0.036364 0.036364
0.072727 0.045455 0.036364
0.072727 0.054545 0.036364
0.072727 0.063636 0.036364
0.072727 0.072727 0.036364
0.072727 0.081818 0.036364
0.072727 0.090909 0.036364
0.072727 0.100000 0.036364
0.081818 0.000000 0.036364
0.081818 0.009091 0.036364
0.081818 0.018182 0.036364
0.081818 0.027273 0.036364
0.081818 0.036364 0.036364
0.081818 0.045455 0.036364
0.081818 0.054545 0.036364
0.081818 0.063636 0.036364
0.081818 0.072727 0.036364
0.081818 0.081818 0.036364
0.081818 0.090909 0.036364
0.081818 0.100000 0.036364
0.090909 0.000000 0.036364
0.090909 0.009091 0.036364
0.090909 0.018182 0.036364
0.090909 0.027273 0.036364
0.090909 0.036364 0.036364
0.090909 0.045455 0.036364
0.090909 0.054545 0.036364
0.090909 0.063636 0.036364
0.090909 0.072727 0.036364
0.090909 0.081818 0.036364
0.090909 0.090909 0.036364
0.090909 0.100000 0.036364
0.100000 0.000000 0.036364
0.100000 0.009091 0.036364
0.100000 0.018182 0.036364
0.100000 0.027273 0.036364
0.100000 0.036364 0.036364
0.100000 0.045455 0.036364
0.100000 0.054545 0.036364
0.100000 0.063636 0.036364
0.100000 0.072727 0.036364
0.100000 0.081818 0.036364
0.100000 0.090909 0.036364
0.100000 0.100000 0.036364
0.000000 0.000000 0.045455
0.000000 0.009091 0.045455
0.000000 0.018182 0.045455
0.000000 0.027273 0.045455
0.000000 0.036364 0.045455
0.000000 0.045455 0.045455
0.000000 0.054545 0.045455
0.000000 0.063636 0.045455
0.000000 0.072727 0.045455
0.000000 0.081818 0.045455
0.000000 0.090909 0.045455
0.000000 0.100000 0.045455
0.009091 0.000000 0.045455
0.009091 0.009091 0.045455
0.009091 0.018182 0.045455
0.009091 0.027273 0.045455
0.009091 0.036364 0.045455
0.009091 0.045455 0.045455
0.009091 0.054545 0.045455
0.009091 0.063636 0.045455
0.009091 0.072727 0.045455
0.009091 0.081818 0.045455
0.009091 0.090909 0.045455
0.009091 0.100000 0.045455
0.018182 0.000000 0.045455
0.018182 0.009091 0.045455
0.018182 0.018182 0.045455
0.018182 0.027273 0.045455
0.018182 0.036364 0.045455
0.018182 0.045455 0.045455
0.018182 0.054545 0.045455
0.018182 0.063636 0.045455
0.018182 0.072727 0.045455
0.018182 0.081818 0.045455
0.018182 0.090909 0.045455
0.018182 0.100000 0.045455
0.027273 0.000000 0.045455
0.027273 0.009091 0.045455
0.027273 0.018182 0.045455
0.027273 0.027273 0.045455
0.027273 0.036364 0.045455
0.027273 0.045455 0.045455
0.027273 0.054545 0.045455
0.027273 0.063636 0.045455
0.027273 0.072727 0.045455
0.027273 0.081818 0.045455
0.027273 0.090909 0.045455
0.027273 0.100000 0.045455
0.036364 0.000000 0.045455
0.036364 0.009091 0.045455
0.036364 0.018182 0.045455
0.036364 0.027273 0.045455
0.036364 0.036364 0.045455
0.036364 0.045455 0.045455
0.036364 0.054545 0.045455
0.036364 0.063636 0.045455
0.036364 0.072727 0.045455
0.036364 0.081818 0.045455
0.036364 0.090909 0.045455
0.036364 0.100000 0.045455
0.045455 0.000000 0.045455
0.045455 0.009091 0.045455
0.045455 0.018182 0.045455
0.045455 0.027273 0.045455
0.045455 0.036364 0.045455
0.045455 0.045455 0.045455
0.045455 0.054545 0.045455
0.045455 0.063636 0.045455
0.045455 0.072727 0.045455
0.045455 0.081818 0.045455
0.045455 0.090909 0.045455
0.045455 0.100000 0.045455
0.054545 0.000000 0.045455
0.054545 0.009091 0.045455
0.054545 0.018182 0.045455
0.054545 0.027273 0.045455
0.054545 0.036364 0.045455
0.054545 0.045455 0.045455
0.054545 0.054545 0.045455
0.054545 0.063636 0.045455
0.054545 0.072727 0.045455
0.054545 0.081818 0.045455
0.054545 0.090909 0.045455
0.054545 0.100000 0.045455
0.063636 0.000000 0.045455
0.063636 0.009091 0.045455
0.063636 0.018182 0.045455
0.063636 0.027273 0.045455
0.063636 0.036364 0.045455
0.063636 0.045455 0.045455
0.063636 0.054545 0.045455
0.063636 0.063636 0.045455
0.063636 0.072727 0.045455
0.063636 0.081818 0.045455
0.063636 0.090909 0.045455
0.063636 0.100000 0.045455
0.072727 0.000000 0.045455
0.072727 0.009091 0.045455
0.072727 0.018182 0.045455
0.072727 0.027273 0.045455
0.072727 0.036364 0.045455
0.072727 0.045455 0.045455
0.072727 0.054545 0.045455
0.072727 0.063636 0.045455
0.072727 0.072727 0.045455
0.072727 0.081818 0.045455
0.072727 0.090909 0.045455
0.072727 0.100000 0.045455
0.081818 0.000000 0.045455
0.081818 0.009091 0.045455
0.081818 0.018182 0.045455
0.081818 0.027273 0.045455
0.081818 0.036364 0.045455
0.081818 0.045455 0.045455
0.081818 0.054545 0.045455
0.081818 0.063636 0.045455
0.081818 0.072727 0.045455
0.081818 0.081818 0.045455
0.081818 0.090909 0.045455
0.081818 0.100000 0.045455
0.090909 0.000000 0.045455
0.090909 0.009091 0.045455
0.090909 0.018182 0.045455
0.090909 0.027273 0.045455
0.090909 0.036364 0.045455
0.090909 0.045455 0.045455
0.090909 0.054545 0.045455
0.090909 0.063636 0.045455
0.090909 0.072727 0.045455
0.090909 0.081818 0.045455
0.090909 0.090909 0.045455
0.090909 0.100000 0.045455
0.100000 0.000000 0.045455
0.100000 0.009091 0.045455
0.100000 0.018182 0.045455
0.100000 0.027273 0.045455
0.100000 0.036364 0.045455
0.100000 0.045455 0.045455
0.100000 0.054545 0.045455
0.100000 0.063636 0.045455
0.100000 0.072727 0.045455
0.100000 0.081818 0.045455
0.100000 0.090909 0.045455
0.100000 0.100000 0.045455
0.000000 0.000000 0.054545
0.000000 0.009091 0.054545
0.000000 0.018182 0.054545
0.000000 0.027273 0.054545
0.000000 0.036364 0.054545
0.000000 0.045455 0.054545
0.000000 0.054545 0.054545
0.000000 0.063636 0.054545
0.000000 0.072727 0.054545
0.000000 0.081818 0.054545
0.000000 0.090909 0.054545
0.000000 0.100000 0.054545
0.009091 0.000000 0.054545
0.009091 0.009091 0.054545
0.009091 0.018182 0.054545
0.009091 0.027273 0.054545
0.009091 0.036364 0.054545
0.009091 0.045455 0.054545
0.009091 0.054545 0.054545
0.009091 0.063636 0.054545
0.009091 0.072727 0.054545
0.009091 0.081818 0.054545
0.009091 0.090909 0.054545
0.009091 0.100000 0.054545
0.018182 0.000000 0.054545
0.018182 0.009091 0.054545
0.018182 0.018182 0.054545
0.018182 0.027273 0.054545
0.018182 0.036364 0.054545
0.018182 0.045455 0.054545
0.018182 0.054545 0.054545
0.018182 0.063636 0.054545
0.018182 0.072727 0.054545
0.018182 0.081818 0.054545
0.018182 0.090909 0.054545
0.018182 0.100000 0.054545
0.027273 0.000000 0.054545
0.027273 0.009091 0.054545
0.027273 0.018182 0.054545
0.027273 0.027273 0.054545
0.027273 0.036364 0.054545
0.027273 0.045455 0.054545
0.027273 0.054545 0.054545
0.027273 0.063636 0.054545
0.027273 0.072727 0.054545
0.027273 0.081818 0.054545
0.027273 0.090909 0.054545
0.027273 0.100000 0.054545
0.036364 0.000000 0.054545
0.036364 0.009091 0.054545
0.036364 0.018182 0.054545
0.036364 0.027273 0.054545
0.036364 0.036364 0.054545
0.036364 0.045455 0.054545
0.036364 0.054545 0.054545
0.036364 0.063636 0.054545
0.036364 0.072727 0.054545
0.036364 0.081818 0.054545
0.036364 0.090909 0.054545
0.036364 0.100000 0.054545
0.045455 0.000000 0.054545
0.045455 0.009091 0.054545
0.045455 0.018182 0.054545
0.045455 0.027273 0.054545
0.045455 0.036364 0.054545
0.045455 0.045455 0.054545
0.045455 0.054545 0.054545
0.045455 0.063636 0.054545
0.045455 0.072727 0.054545
0.045455 0.081818 0.054545
0.045455 0.090909 0.054545
0.045455 0.100000 0.054545
0.054545 0.000000 0.054545
0.054545 0.009091 0.054545
0.054545 0.018182 0.054545
0.054545 0.027273 0.054545
0.054545 0.036364 0.054545
0.054545 0.045455 0.054545
0.054545 0.054545 0.054545
0.054545 0.063636 0.054545
0.054545 0.072727 0.054545
0.054545 0.081818 0.054545
0.054545 0.090909 0.054545
0.054545 0.100000 0.054545
0.063636 0.000000 0.054545
0.063636 0.009091 0.054545
0.063636 0.018182 0.054545
0.063636 0.027273 0.054545
0.063636 0.036364 0.054545
0.063636 0.045455 0.054545
0.063636 0.054545 0.054545
0.063636 0.063636 0.054545
0.063636 0.072727 0.054545
0.063636 0.081818 0.054545
0.063636 0.090909 0.054545
0.063636 0.100000 0.054545
0.072727 0.000000 0.054545
0.072727 0.009091 0.054545
0.072727 0.018182 0.054545
0.072727 0.027273 0.054545
0.072727 0.036364 0.054545
0.072727 0.045455 0.054545
0.072727 0.054545 0.054545
0.072727 0.063636 0.054545
0.072727 0.072727 0.054545
0.072727 0.081818 0.054545
0.072727 0.090909 0.054545
0.072727 0.100000 0.054545
0.081818 0.000000 0.054545
0.081818 0.009091 0.054545
0.081818 0.018182 0.054545
0.081818 0.027273 0.054545
0.081818 0.036364 0.054545
0.081818 0.045455 0.054545
0.081818 0.054545 0.054545
0.081818 0.063636 0.054545
0.081818 0.072727 0.054545
0.081818 0.081818 0.054545
0.081818 0.090909 0.054545
0.081818 0.100000 0.054545
0.090909 0.000000 0.054545
0.090909 0.009091 0.054545
0.090909 0.018182 0.054545
0.090909 0.027273 0.054545
0.090909 0.036364 0.054545
0.090909 0.045455 0.054545
0.090909 0.054545 0.054545
0.090909 0.063636 0.054545
0.090909 0.072727 0.054545
0.090909 0.081818 0.054545
0.090909 0.090909 0.054545
0.090909 0.100000 0.054545
0.100000 0.000000 0.054545
0.100000 0.009091 0.054545
0.100000 0.018182 0.054545
0.100000 0.027273 0.054545
0.100000 0.036364 0.054545
0.100000 0.045455 0.054545
0.100000 0.054545 0.054545
0.100000 0.063636 0.054545
0.100000 0.072727 0.054545
0.100000 0.081818 0.054545
0.100000 0.090909 0.054545
0.100000 0.100000 0.054545
0.000000 0.000000 0.063636
0.000000 0.009091 0.063636
0.000000 0.018182 0.063636
0.000000 0.027273 0.063636
0.000000 0.036364 0.063636
0.000000 0.045455 0.063636
0.000000 0.054545 0.063636
0.000000 0.063636 0.063636
0.000000 0.072727 0.063636
0.000000 0.081818 0.063636
0.000000 0.090909 0.063636
0.000000 0.100000 0.063636
0.009091 0.000000 0.063636
0.009091 0.009091 0.063636
0.009091 0.018182 0.063636
0.009091 0.027273 0.063636
0.009091 0.036364 0.063636
0.009091 0.045455 0.063636
0.009091 0.054545 0.063636
0.009091 0.063636 0.063636
0.009091 0.072727 0.063636
0.009091 0.081818 0.063636
0.009091 0.090909 0.063636
0.009091 0.100000 0.063636
0.018182 0.000000 0.063636
0.018182 0.009091 0.063636
0.018182 0.018182 0.063636
0.018182 0.027273 0.063636
0.018182 0.036364 0.063636
0.018182 0.045455 0.063636
0.018182 0.054545 0.063636
0.018182 0.063636 0.063636
0.018182 0.072727 0.063636
0.018182 0.081818 0.063636
0.018182 0.090909 0.063636
0.018182 0.100000 0.063636
0.027273 0.000000 0.063636
0.027273 0.009091 0.063636
0.027273 0.018182 0.063636
0.027273 0.027273 0.063636
0.027273 0.036364 0.063636
0.027273 0.045455 0.063636
0.027273 0.054545 0.063636
0.027273 0.063636 0.063636
0.027273 0.072727 0.063636
0.027273 0.081818 0.063636
0.027273 0.090909 0.063636
0.027273 0.100000 0.063636
0.036364 0.000000 0.063636
0.036364 0.009091 0.063636
0.036364 0.018182 0.063636
0.036364 0.027273 0.063636
0.036364 0.036364 0.063636
0.036364 0.045455 0.063636
0.036364 0.054545 0.063636
0.036364 0.063636 0.063636
0.036364 0.072727 0.063636
0.036364 0.081818 0.063636
0.036364 0.090909 0.063636
0.036364 0.100000 0.063636
0.045455 0.000000 0.063636
0.045455 0.009091 0.063636
0.045455 0.018182 0.063636
0.045455 0.027273 0.063636
0.045455 0.036364 0.063636
0.045455 0.045455 0.063636
0.045455 0.054545 0.063636
0.045455 0.063636 0.063636
0.045455 0.072727 0.063636
0.045455 0.081818 0.063636
0.045455 0.090909 0.063636
0.045455 0.100000 0.063636
0.054545 0.000000 0.063636
0.054545 0.009091 0.063636
0.054545 0.018182 0.063636
0.054545 0.027273 0.063636
0.054545 0.036364 0.063636
0.054545 0.045455 0.063636
0.054545 0.054545 0.063636
0.054545 0.063636 0.063636
0.054545 0.072727 0.063636
0.054545 0.081818 0.063636
0.054545 0.090909 0.063636
0.054545 0.100000 0.063636
0.063636 0.000000 0.063636
0.063636 0.009091 0.063636
0.063636 0.018182 0.063636
0.063636 0.027273 0.063636
0.063636 0.036364 0.063636
0.063636 0.045455 0.063636
0.063636 0.054545 0.063636
0.063636 0.063636 0.063636
0.063636 0.072727 0.063636
0.063636 0.081818 0.063636
0.063636 0.090909 0.063636
0.063636 0.100000 0.063636
0.072727 0.000000 0.063636
0.072727 0.009091 0.063636
0.072727 0.018182 0.063636
0.072727 0.027273 0.063636
0.072727 0.036364 0.063636
0.072727 0.045455 0.063636
0.072727 0.054545 0.063636
0.072727 0.063636 0.063636
0.072727 0.072727 0.063636
0.072727 0.081818 0.063636
0.072727 0.090909 0.063636
0.072727 0.100000 0.063636
0.081818 0.000000 0.063636
0.081818 0.009091 0.063636
0.081818 0.018182 0.063636
0.081818 0.027273 0.063636
0.081818 0.036364 0.063636
0.081818 0.045455 0.063636
0.081818 0.054545 0.063636
0.081818 0.063636 0.063636
0.081818 0.072727 0.063636
0.081818 0.081818 0.063636
0.081818 0.090909 0.063636
0.081818 0.100000 0.063636
0.090909 0.000000 0.063636
0.090909 0.009091 0.063636
0.090909 0.018182 0.063636
0.090909 0.027273 0.063636
0.090909 0.036364 0.063636
0.090909 0.045455 0.063636
0.090909 0.054545 0.063636
0.090909 0.063636 0.063636
0.090909 0.072727 0.063636
0.090909 0.081818 0.063636
0.090909 0.090909 0.063636
0.090909 0.100000 0.063636
0.100000 0.000000 0.063636
0.100000 0.009091 0.063636
0.100000 0.018182 0.063636
0.100000 0.027273 0.063636
0.100000 0.036364 0.063636
0.100000 0.045455 0.063636
0.100000 0.054545 0.063636
0.100000 0.063636 0.063636
0.100000 0.072727 0.063636
0.100000 0.081818 0.063636
0.100000 0.090909 0.063636
0.100000 0.100000 0.063636
0.000000 0.000000 0.072727
0.000000 0.009091 0.072727
0.000000 0.018182 0.072727
0.000000 0.027273 0.072727
0.000000 0.036364 0.072727
0.000000 0.045455 0.072727
0.000000 0.054545 0.072727
0.000000 0.063636 0.072727
0.000000 0.072727 0.072727
0.000000 0.081818 0.072727
0.000000 0.090909 0.072727
0.000000 0.100000 0.072727
0.009091 0.000000 0.072727
0.009091 0.009091 0.072727
0.009091 0.018182 0.072727
0.009091 0.027273 0.072727
0.009091 0.036364 0.072727
0.009091 0.045455 0.072727
0.009091 0.054545 0.072727
0.009091 0.063636 0.072727
0.009091 0.072727 0.072727
0.009091 0.081818 0.072727
0.009091 0.090909 0.072727
0.009091 0.100000 0.072727
0.018182 0.000000 0.072727
0.018182 0.009091 0.072727
0.018182 0.018182 0.072727
0.018182 0.027273 0.072727
0.018182 0.036364 0.072727
0.018182 0.045455 0.072727
0.018182 0.054545 0.072727
0.018182 0.063636 0.072727
0.018182 0.072727 0.072727
0.018182 0.081818 0.072727
0.018182 0.090909 0.072727
0.018182 0.100000 0.072727
0.027273 0.000000 0.072727
0.027273 0.009091 0.072727
0.027273 0.018182 0.072727
0.027273 0.027273 0.072727
0.027273 0.036364 0.072727
0.027273 0.045455 0.072727
0.027273 0.054545 0.072727
0.027273 0.063636 0.072727
0.027273 0.072727 0.072727
0.027273 0.081818 0.072727
0.027273 0.090909 0.072727
0.027273 0.100000 0.072727
0.036364 0.000000 0.072727
0.036364 0.009091 0.072727
0.036364 0.018182 0.072727
0.036364 0.027273 0.072727
0.036364 0.036364 0.072727
0.036364 0.045455 0.072727
0.036364 0.054545 0.072727
0.036364 0.063636 0.072727
0.036364 0.072727 0.072727
0.036364 0.081818 0.072727
0.036364 0.090909 0.072727
0.036364 0.100000 0.072727
0.045455 0.000000 0.072727
0.045455 0.009091 0.072727
0.045455 0.018182 0.072727
0.045455 0.027273 0.072727
0.045455 0.036364 0.072727
0.045455 0.045455 0.072727
0.045455 0.054545 0.072727
0.045455 0.063636 0.072727
0.045455 0.072727 0.072727
0.045455 0.081818 0.072727
0.045455 0.090909 0.072727
0.045455 0.100000 0.072727
0.054545 0.000000 0.072727
0.054545 0.009091 0.072727
0.054545 0.018182 0.072727
0.054545 0.027273 0.072727
0.054545 0.036364 0.072727
0.054545 0.045455 0.072727
0.054545 0.054545 0.072727
0.054545 0.063636 0.072727
0.054545 0.072727 0.072727
0.054545 0.081818 0.072727
0.054545 0.090909 0.072727
0.054545 0.100000 0.072727
0.063636 0.000000 0.072727
0.063636 0.009091 0.072727
0.063636 0.018182 0.072727
0.063636 0.027273 0.072727
0.063636 0.036364 0.072727
0.063636 0.045455 0.072727
0.063636 0.054545 0.072727
0.063636 0.063636 0.072727
0.063636 0.072727 0.072727
0.063636 0.081818 0.072727
0.063636 0.090909 0.072727
0.063636 0.100000 0.072727
0.072727 0.000000 0.072727
0.072727 0.009091 0.072727
0.072727 0.018182 0.072727
0.072727 0.027273 0.072727
0.072727 0.036364 0.072727
0.072727 0.045455 0.072727
0.072727 0.054545 0.072727
0.072727 0.063636 0.072727
0.072727 0.072727 0.072727
0.072727 0.081818 0.072727
0.072727 0.090909 0.072727
0.072727 0.100000 0.072727
0.081818 0.000000 0.072727
0.081818 0.009091 0.072727
0.081818 0.018182 0.072727
0.081818 0.027273 0.072727
0.081818 0.036364 0.072727
0.081818 0.045455 0.072727
0.081818 0.054545 0.072727
0.081818 0.063636 0.072727
0.081818 0.072727 0.072727
0.081818 0.081818 0.072727
0.081818 0.090909 0.072727
0.081818 0.100000 0.072727
0.090909 0.000000 0.072727
0.090909 0.009091 0.072727
0.090909 0.018182 0.072727
0.090909 0.027273 0.072727
0.090909 0.036364 0.072727
0.090909 0.045455 0.072727
0.090909 0.054545 0.072727
0.090909 0.063636 0.072727
0.090909 0.072727 0.072727
0.090909 0.081818 0.072727
0.090909 0.090909 0.072727
0.090909 0.100000 0.072727
0.100000 0.000000 0.072727
0.100000 0.009091 0.072727
0.100000 0.018182 0.072727
0.100000 0.027273 0.072727
0.100000 0.036364 0.072727
0.100000 0.045455 0.072727
0.100000 0.054545 0.072727
0.100000 0.063636 0.072727
0.100000 0.072727 0.072727
0.100000 0.081818 0.072727
0.100000 0.090909 0.072727
0.100000 0.100000 0.072727
0.000000 0.000000 0.081818
0.000000 0.009091 0.081818
0.000000 0.018182 0.081818
0.000000 0.027273 0.081818
0.000000 0.036364 0.081818
0.000000 0.045455 0.081818
0.000000 0.054545 0.081818
0.000000 0.063636 0.081818
0.000000 0.072727 0.081818
0.000000 0.081818 0.081818
0.000000 0.090909 0.081818
0.000000 0.100000 0.081818
0.009091 0.000000 0.081818
0.009091 0.009091 0.081818
0.009091 0.018182 0.081818
0.009091 0.027273 0.081818
0.009091 0.036364 0.081818
0.009091 0.045455 0.081818
0.009091 0.054545 0.081818
0.009091 0.063636 0.081818
0.009091 0.072727 0.081818
0.009091 0.081818 0.081818
0.009091 0.090909 0.081818
0.009091 0.100000 0.081818
0.018182 0.000000 0.081818
0.018182 0.009091 0.081818
0.018182 0.018182 0.081818
0.018182 0.027273 0.081818
0.018182 0.036364 0.081818
0.018182 0.045455 0.081818
0.018182 0.054545 0.081818
0.018182 0.063636 0.081818
0.018182 0.072727 0.081818
0.018182 0.081818 0.081818
0.018182 0.090909 0.081818
0.018182 0.100000 0.081818
0.027273 0.000000 0.081818
0.027273 0.009091 0.081818
0.027273 0.018182 0.081818
0.027273 0.027273 0.081818
0.027273 0.036364 0.081818
0.027273 0.045455 0.081818
0.027273 0.054545 0.081818
0.027273 0.063636 0.081818
0.027273 0.072727 0.081818
0.027273 0.081818 0.081818
0.027273 0.090909 0.081818
0.027273 0.100000 0.081818
0.036364 0.000000 0.081818
0.036364 0.009091 0.081818
0.036364 0.018182 0.081818
0.036364 0.027273 0.081818
0.036364 0.036364 0.081818
0.036364 0.045455 0.081818
0.036364 0.054545 0.081818
0.036364 0.063636 0.081818
0.036364 0.072727 0.081818
0.036364 0.081818 0.081818
0.036364 0.090909 0.081818
0.036364 0.100000 0.081818
0.045455 0.000000 0.081818
0.045455 0.009091 0.081818
0.045455 0.018182 0.081818
0.045455 0.027273 0.081818
0.045455 0.036364 0.081818
0.045455 0.045455 0.081818
0.045455 0.054545 0.081818
0.045455 0.063636 0.081818
0.045455 0.072727 0.081818
0.045455 0.081818 0.081818
0.045455 0.090909 0.081818
0.045455 0.100000 0.081818
0.054545 0.000000 0.081818
0.054545 0.009091 0.081818
0.054545 0.018182 0.081818
0.054545 0.027273 0.081818
0.054545 0.036364 0.081818
0.054545 0.045455 0.081818
0.054545 0.054545 0.081818
0.054545 0.063636 0.081818
0.054545 0.072727 0.081818
0.054545 0.081818 0.081818
0.054545 0.090909 0.081818
0.054545 0.100000 0.081818
0.063636 0.000000 0.081818
0.063636 0.009091 0.081818
0.063636 0.018182 0.081818
0.063636 0.027273 0.081818
0.063636 0.036364 0.081818
0.063636 0.045455 0.081818
0.063636 0.054545 0.081818
0.063636 0.063636 0.081818
0.063636 0.072727 0.081818
0.063636 0.081818 0.081818
0.063636 0.090909 0.081818
0.063636 0.100000 0.081818
0.072727 0.000000 0.081818
0.072727 0.009091 0.081818
0.072727 0.018182 0.081818
0.072727 0.027273 0.081818
0.072727 0.036364 0.081818
0.072727 0.045455 0.081818
0.072727 0.054545 0.081818
0.072727 0.063636 0.081818
0.072727 0.072727 0.081818
0.072727 0.081818 0.081818
0.072727 0.090909 0.081818
0.072727 0.100000 0.081818
0.081818 0.000000 0.081818
0.081818 0.009091 0.081818
0.081818 0.018182 0.081818
0.081818 0.027273 0.081818
0.081818 0.036364 0.081818
0.081818 0.045455 0.081818
0.081818 0.054545 0.081818
0.081818 0.063636 0.081818
0.081818 0.072727 0.081818
0.081818 0.081818 0.081818
0.081818 0.090909 0.081818
0.081818 0.100000 0.081818
0.090909 0.000000 0.081818
0.090909 0.009091 0.081818
0.090909 0.018182 0.081818
0.090909 0.027273 0.081818
0.090909 0.036364 0.081818
0.090909 0.045455 0.081818
0.090909 0.054545 0.081818
0.090909 0.063636 0.081818
0.090909 0.072727 0.081818
0.090909 0.081818 0.081818
0.090909 0.090909 0.081818
0.090909 0.100000 0.081818
0.100000 0.000000 0.081818
0.100000 0.009091 0.081818
0.100000 0.018182 0.081818
0.100000 0.027273 0.081818
0.100000 0.036364 0.081818
0.100000 0.045455 0.081818
0.100000 0.054545 0.081818
0.100000 0.063636 0.081818
0.100000 0.072727 0.081818
0.100000 0.081818 0.081818
0.100000 0.090909 0.081818
0.100000 0.100000 0.081818
0.000000 0.000000 0.090909
0.000000 0.009091 0.090909
0.000000 0.018182 0.090909
0.000000 0.027273 0.090909
0.000000 0.036364 0.090909
0.000000 0.045455 0.090909
0.000000 0.054545 0.090909
0.000000 0.063636 0.090909
0.000000 0.072727 0.090909
0.000000 0.081818 0.090909
0.000000 0.090909 0.090909
0.000000 0.100000 0.090909
0.009091 0.000000 0.090909
0.009091 0.009091 0.090909
0.009091 0.018182 0.090909
0.009091 0.027273 0.090909
0.009091 0.036364 0.090909
0.009091 0.045455 0.090909
0.009091 0.054545 0.090909
0.009091 0.063636 0.090909
0.009091 0.072727 0.090909
0.009091 0.081818 0.090909
0.009091 0.090909 0.090909
0.009091 0.100000 0.090909
0.018182 0.000000 0.090909
0.018182 0.009091 0.090909
0.018182 0.018182 0.090909
0.018182 0.027273 0.090909
0.018182 0.036364 0.090909
0.018182 0.045455 0.090909
0.018182 0.054545 0.090909
0.018182 0.063636 0.090909
0.018182 0.072727 0.090909
0.018182 0.081818 0.090909
0.018182 0.090909 0.090909
0.018182 0.100000 0.090909
0.027273 0.000000 0.090909
0.027273 0.009091 0.090909
0.027273 0.018182 0.090909
0.027273 0.027273 0.090909
0.027273 0.036364 0.090909
0.027273 0.045455 0.090909
0.027273 0.054545 0.090909
0.027273 0.063636 0.090909
0.027273 0.072727 0.090909
0.027273 0.081818 0.090909
0.027273 0.090909 0.090909
0.027273 0.100000 0.090909
0.036364 0.000000 0.090909
0.036364 0.009091 0.090909
0.036364 0.018182 0.090909
0.036364 0.027273 0.090909
0.036364 0.036364 0.090909
0.036364 0.045455 0.090909
0.036364 0.054545 0.090909
0.036364 0.063636 0.090909
0.036364 0.072727 0.090909
0.036364 0.081818 0.090909
0.036364 0.090909 0.090909
0.036364 0.100000 0.090909
0.045455 0.000000 0.090909
0.045455 0.009091 0.090909
0.045455 0.018182 0.090909
0.045455 0.027273 0.090909
0.045455 0.036364 0.090909
0.045455 0.045455 0.090909
0.045455 0.054545 0.090909
0.045455 0.063636 0.090909
0.045455 0.072727 0.090909
0.045455 0.081818 0.090909
0.045455 0.090909 0.090909
0.045455 0.100000 0.090909
0.054545 0.000000 0.090909
0.054545 0.009091 0.090909
0.054545 0.018182 0.090909
0.054545 0.027273 0.090909
0.054545 0.036364 0.090909
0.054545 0.045455 0.090909
0.054545 0.054545 0.090909
0.054545 0.063636 0.090909
0.054545 0.072727 0.090909
0.054545 0.081818 0.090909
0.054545 0.090909 0.090909
0.054545 0.100000 0.090909
0.063636 0.000000 0.090909
0.063636 0.009091 0.090909
0.063636 0.018182 0.090909
0.063636 0.027273 0.090909
0.063636 0.036364 0.090909
0.063636 0.045455 0.090909
0.063636 0.054545 0.090909
0.063636 0.063636 0.090909
0.063636 0.072727 0.090909
0.063636 0.081818 0.090909
0.063636 0.090909 0.090909
0.063636 0.100000 0.090909
0.072727 0.000000 0.090909
0.072727 0.009091 0.090909
0.072727 0.018182 0.090909
0.072727 0.027273 0.090909
0.072727 0.036364 0.090909
0.072727 0.045455 0.090909
0.072727 0.054545 0.090909
0.072727 0.063636 0.090909
0.072727 0.072727 0.090909
0.072727 0.081818 0.090909
0.072727 0.090909 0.090909
0.072727 0.100000 0.090909
0.081818 0.000000 0.090909
0.081818 0.009091 0.090909
0.081818 0.018182 0.090909
0.081818 0.027273 0.090909
0.081818 0.036364 0.090909
0.081818 0.045455 0.090909
0.081818 0.054545 0.090909
0.081818 0.063636 0.090909
0.081818 0.072727 0.090909
0.081818 0.081818 0.090909
0.081818 0.090909 0.090909
0.081818 0.100000 0.090909
0.090909 0.000000 0.090909
0.090909 0.009091 0.090909
0.090909 0.018182 0.090909
0.090909 0.027273 0.090909
0.090909 0.036364 0.090909
0.090909 0.045455 0.090909
0.090909 0.054545 0.090909
0.090909 0.063636 0.090909
0.090909 0.072727 0.090909
0.090909 0.081818 0.090909
0.090909 0.090909 0.090909
0.090909 0.100000 0.090909
0.100000 0.000000 0.090909
0.100000 0.009091 0.090909
0.100000 0.018182 0.090909
0.100000 0.027273 0.090909
0.100000 0.036364 0.090909
0.100000 0.045455 0.090909
0.100000 0.054545 0.090909
0.100000 0.063636 0.090909
0.100000 0.072727 0.090909
0.100000 0.081818 0.090909
0.100000 0.090909 0.090909
0.100000 0.100000 0.090909
0.000000 0.000000 0.100000
0.000000 0.009091 0.100000
0.000000 0.018182 0.100000
0.000000 0.027273 0.100000
0.000000 0.036364 0.100000
0.000000 0.045455 0.100000
0.000000 0.054545 0.100000
0.000000 0.063636 0.100000
0.000000 0.072727 0.100000
0.000000 0.081818 0.100000
0.000000 0.090909 0.100000
0.000000 0.100000 0.100000
0.009091 0.000000 0.100000
0.009091 0.009091 0.100000
0.009091 0.018182 0.100000
0.009091 0.027273 0.100000
0.009091 0.036364 0.100000
0.009091 0.045455 0.100000
0.009091 0.054545 0.100000
0.009091 0.063636 0.100000
0.009091 0.072727 0.100000
0.009091 0.081818 0.100000
0.009091 0.090909 0.100000
0.009091 0.100000 0.100000
0.018182 0.000000 0.100000
0.018182 0.009091 0.100000
0.018182 0.018182 0.100000
0.018182 0.027273 0.100000
0.018182 0.036364 0.100000
0.018182 0.045455 0.100000
0.018182 0.054545 0.100000
0.018182 0.063636 0.100000
0.018182 0.072727 0.100000
0.018182 0.081818 0.100000
0.018182 0.090909 0.100000
0.018182 0.100000 0.100000
0.027273 0.000000 0.100000
0.027273 0.009091 0.100000
0.027273 0.018182 0.100000
0.027273 0.027273 0.100000
0.027273 0.036364 0.100000
0.027273 0.045455 0.100000
0.027273 0.054545 0.100000
0.027273 0.063636 0.100000
0.027273 0.072727 0.100000
0.027273 0.081818 0.100000
0.027273 0.090909 0.100000
0.027273 0.100000 0.100000
0.036364 0.000000 0.100000
0.036364 0.009091 0.100000
0.036364 0.018182 0.100000
0.036364 0.027273 0.100000
0.036364 0.036364 0.100000
0.036364 0.045455 0.100000
0.036364 0.054545 0.100000
0.036364 0.063636 0.100000
0.036364 0.072727 0.100000
0.036364 0.081818 0.100000
0.036364 0.090909 0.100000
0.036364 0.100000 0.100000
0.045455 0.000000 0.100000
0.045455 0.009091 0.100000
0.045455 0.018182 0.100000
0.045455 0.027273 0.100000
0.045455 0.036364 0.100000
0.045455 0.045455 0.100000
0.045455 0.054545 0.100000
0.045455 0.063636 0.100000
0.045455 0.072727 0.100000
0.045455 0.081818 0.100000
0.045455 0.090909 0.100000
0.045455 0.100000 0.100000
0.054545 0.000000 0.100000
0.054545 0.009091 0.100000
0.054545 0.018182 0.100000
0.054545 0.027273 0.100000
0.054545 0.036364 0.100000
0.054545 0.045455 0.100000
0.054545 0.054545 0.100000
0.054545 0.063636 0.100000
0.054545 0.072727 0.100000
0.054545 0.081818 0.100000
0.054545 0.090909 0.100000
0.054545 0.100000 0.100000
0.063636 0.000000 0.100000
0.063636 0.009091 0.100000
0.063636 0.018182 0.100000
0.063636 0.027273 0.100000
0.063636 0.036364 0.100000
0.063636 0.045455 0.100000
0.063636 0.054545 0.100000
0.063636 0.063636 0.100000
0.063636 0.072727 0.100000
0.063636 0.081818 0.100000
0.063636 0.090909 0.100000
0.063636 0.100000 0.100000
0.072727 0.000000 0.100000
0.072727 0.009091 0.100000
0.072727 0.018182 0.100000
0.072727 0.027273 0.100000
0.072727 0.036364 0.100000
0.072727 0.045455 0.100000
0.072727 0.054545 0.100000
0.072727 0.063636 0.100000
0.072727 0.072727 0.100000
0.072727 0.081818 0.100000
0.072727 0.090909 0.100000
0.072727 0.100000 0.100000
0.081818 0.000000 0.100000
0.081818 0.009091 0.100000
0.081818 0.018182 0.100000
0.081818 0.027273 0.100000
0.081818 0.036364 0.100000
0.081818 0.045455 0.100000
0.081818 0.054545 0.100000
0.081818 0.063636 0.100000
0.081818 0.072727 0.100000
0.081818 0.081818 0.100000
0.081818 0.090909 0.100000
0.081818 0.100000 0.100000
0.090909 0.000000 0.100000
0.090909 0.009091 0.100000
0.090909 0.018182 0.100000
0.090909 0.027273 0.100000
0.090909 0.036364 0.100000
0.090909 0.045455 0.100000
0.090909 0.054545 0.100000
0.090909 0.063636 0.100000
0.090909 0.072727 0.100000
0.090909 0.081818 0.100000
0.090909 0.090909 0.100000
0.090909 0.100000 0.100000
0.100000 0.000000 0.100000
0.100000 0.009091 0.100000
0.100000 0.018182 0.100000
0.100000 0.027273 0.100000
0.100000 0.036364 0.100000
0.100000 0.045455 0.100000
0.100000 0.054545 0.100000
0.100000 0.063636 0.100000
0.100000 0.072727 0.100000
0.100000 0.081818 0.100000
0.100000 0.090909 0.100000
0.100000 0.100000 0.100000
