125
0.000000 0.000000 0.000000
0.000000 0.025000 0.000000
0.000000 0.050000 0.000000
0.000000 0.075000 0.000000
0.000000 0.100000 0.000000
0.025000 0.000000 0.000000
0.025000 0.025000 0.000000
0.025000 0.050000 0.000000
0.025000 0.075000 0.000000
0.025000 0.100000 0.000000
0.050000 0.000000 0.000000
0.050000 0.025000 0.000000
0.050000 0.050000 0.000000
0.050000 0.075000 0.000000
0.050000 0.100000 0.000000
0.075000 0.000000 0.000000
0.075000 0.025000 0.000000
0.075000 0.050000 0.000000
0.075000 0.075000 0.000000
0.075000 0.100000 0.000000
0.100000 0.000000 0.000000
0.100000 0.025000 0.000000
0.100000 0.050000 0.000000
0.100000 0.075000 0.000000
0.100000 0.100000 0.000000
0.000000 0.000000 0.025000
0.000000 0.025000 0.025000
0.000000 0.050000 0.025000
0.000000 0.075000 0.025000
0.000000 0.100000 0.025000
0.025000 0.000000 0.025000
0.025000 0.025000 0.025000
0.025000 0.050000 0.025000
0.025000 0.075000 0.025000
0.025000 0.100000 0.025000
0.050000 0.000000 0.025000
0.050000 0.025000 0.025000
0.050000 0.050000 0.025000
0.050000 0.075000 0.025000
0.050000 0.100000 0.025000
0.075000 0.000000 0.025000
0.075000 0.025000 0.025000
0.075000 0.050000 0.025000
0.075000 0.075000 0.025000
0.075000 0.100000 0.025000
0.100000 0.000000 0.025000
0.100000 0.025000 0.025000
0.100000 0.050000 0.025000
0.100000 0.075000 0.025000
0.100000 0.100000 0.025000
0.000000 0.000000 0.050000
0.000000 0.025000 0.050000
0.000000 0.050000 0.050000
0.000000 0.075000 0.050000
0.000000 0.100000 0.050000
0.025000 0.000000 0.050000
0.025000 0.025000 0.050000
0.025000 0.050000 0.050000
0.025000 0.075000 0.050000
0.025000 0.100000 0.050000
0.050000 0.000000 0.050000
0.050000 0.025000 0.050000
0.050000 0.050000 0.050000
0.050000 0.075000 0.050000
0.050000 0.100000 0.050000
0.075000 0.000000 0.050000
0.075000 0.025000 0.050000
0.075000 0.050000 0.050000
0.075000 0.075000 0.050000
0.075000 0.100000 0.050000
0.100000 0.000000 0.050000
0.100000 0.025000 0.050000
0.100000 0.050000 0.050000
0.100000 0.075000 0.050000
0.100000 0.100000 0.050000
0.000000 0.000000 0.075000
0.000000 0.025000 0.075000
0.000000 0.050000 0.075000
0.000000 0.075000 0.075000
0.000000 0.100000 0.075000
0.025000 0.000000 0.075000
0.025000 0.025000 0.075000
0.025000 0.050000 0.075000
0.025000 0.075000 0.075000
0.025000 0.100000 0.075000
0.050000 0.000000 0.075000
0.050000 0.025000 0.075000
0.050000 0.050000 0.075000
0.050000 0.075000 0.075000
0.050000 0.100000 0.075000
0.075000 0.000000 0.075000
0.075000 0.025000 0.075000
0.075000 0.050000 0.075000
0.075000 0.075000 0.075000
0.075000 0.100000 0.075000
0.100000 0.000000 0.075000
0.100000 0.025000 0.075000
0.100000 0.050000 0.075000
0.100000 0.075000 0.075000
0.100000 0.100000 0.075000
0.000000 0.000000 0.100000
0.000000 0.025000 0.100000
0.000000 0.050000 0.100000
0.000000 0.075000 0.100000
0.000000 0.100000 0.100000
0.025000 0.000000 0.100000
0.025000 0.025000 0.100000
0.025000 0.050000 0.100000
0.025000 0.075000 0.100000
0.025000 0.100000 0.100000
0.050000 0.000000 0.100000
0.050000 0.025000 0.100000
0.050000 0.050000 0.100000
0.050000 0.075000 0.100000
0.050000 0.100000 0.100000
0.075000 0.000000 0.100000
0.075000 0.025000 0.100000
0.075000 0.050000 0.100000
0.075000 0.075000 0.100000
0.075000 0.100000 0.100000
0.100000 0.000000 0.100000
0.100000 0.025000 0.100000
0.100000 0.050000 0.100000
0.100000 0.075000 0.100000
0.100000 0.100000 0.100000
