2744
0.000000 0.000000 0.000000
0.000000 0.007692 0.000000
0.000000 0.015385 0.000000
0.000000 0.023077 0.000000
0.000000 0.030769 0.000000
0.000000 0.038462 0.000000
0.000000 0.046154 0.000000
0.000000 0.053846 0.000000
0.000000 0.061538 0.000000
0.000000 0.069231 0.000000
0.000000 0.076923 0.000000
0.000000 0.084615 0.000000
0.000000 0.092308 0.000000
0.000000 0.100000 0.000000
0.007692 0.000000 0.000000
0.007692 0.007692 0.000000
0.007692 0.015385 0.000000
0.007692 0.023077 0.000000
0.007692 0.030769 0.000000
0.007692 0.038462 0.000000
0.007692 0.046154 0.000000
0.007692 0.053846 0.000000
0.007692 0.061538 0.000000
0.007692 0.069231 0.000000
0.007692 0.076923 0.000000
0.007692 0.084615 0.000000
0.007692 0.092308 0.000000
0.007692 0.100000 0.000000
0.015385 0.000000 0.000000
0.015385 0.007692 0.000000
0.015385 0.015385 0.000000
0.015385 0.023077 0.000000
0.015385 0.030769 0.000000
0.015385 0.038462 0.000000
0.015385 0.046154 0.000000
0.015385 0.053846 0.000000
0.015385 0.061538 0.000000
0.015385 0.069231 0.000000
0.015385 0.076923 0.000000
0.015385 0.084615 0.000000
0.015385 0.092308 0.000000
0.015385 0.100000 0.000000
0.023077 0.000000 0.000000
0.023077 0.007692 0.000000
0.023077 0.015385 0.000000
0.023077 0.023077 0.000000
0.023077 0.030769 0.000000
0.023077 0.038462 0.000000
0.023077 0.046154 0.000000
0.023077 0.053846 0.000000
0.023077 0.061538 0.000000
0.023077 0.069231 0.000000
0.023077 0.076923 0.000000
0.023077 0.084615 0.000000
0.023077 0.092308 0.000000
0.023077 0.100000 0.000000
0.030769 0.000000 0.000000
0.030769 0.007692 0.000000
0.030769 0.015385 0.000000
0.030769 0.023077 0.000000
0.030769 0.030769 0.000000
0.030769 0.038462 0.000000
0.030769 0.046154 0.000000
0.030769 0.053846 0.000000
0.030769 0.061538 0.000000
0.030769 0.069231 0.000000
0.030769 0.076923 0.000000
0.030769 0.084615 0.000000
0.030769 0.092308 0.000000
0.030769 0.100000 0.000000
0.038462 0.000000 0.000000
0.038462 0.007692 0.000000
0.038462 0.015385 0.000000
0.038462 0.023077 0.000000
0.038462 0.030769 0.000000
0.038462 0.038462 0.000000
0.038462 0.046154 0.000000
0.038462 0.053846 0.000000
0.038462 0.061538 0.000000
0.038462 0.069231 0.000000
0.038462 0.076923 0.000000
0.038462 0.084615 0.000000
0.038462 0.092308 0.000000
0.038462 0.100000 0.000000
0.046154 0.000000 0.000000
0.046154 0.007692 0.000000
0.046154 0.015385 0.000000
0.046154 0.023077 0.000000
0.046154 0.030769 0.000000
0.046154 0.038462 0.000000
0.046154 0.046154 0.000000
0.046154 0.053846 0.000000
0.046154 0.061538 0.000000
0.046154 0.069231 0.000000
0.046154 0.076923 0.000000
0.046154 0.084615 0.000000
0.046154 0.092308 0.000000
0.046154 0.100000 0.000000
0.053846 0.000000 0.000000
0.053846 0.007692 0.000000
0.053846 0.015385 0.000000
0.053846 0.023077 0.000000
0.053846 0.030769 0.000000
0.053846 0.038462 0.000000
0.053846 0.046154 0.000000
0.053846 0.053846 0.000000
0.053846 0.061538 0.000000
0.053846 0.069231 0.000000
0.053846 0.076923 0.000000
0.053846 0.084615 0.000000
0.053846 0.092308 0.000000
0.053846 0.100000 0.000000
0.061538 0.000000 0.000000
0.061538 0.007692 0.000000
0.061538 0.015385 0.000000
0.061538 0.023077 0.000000
0.061538 0.030769 0.000000
0.061538 0.038462 0.000000
0.061538 0.046154 0.000000
0.061538 0.053846 0.000000
0.061538 0.061538 0.000000
0.061538 0.069231 0.000000
0.061538 0.076923 0.000000
0.061538 0.084615 0.000000
0.061538 0.092308 0.000000
0.061538 0.100000 0.000000
0.069231 0.000000 0.000000
0.069231 0.007692 0.000000
0.069231 0.015385 0.000000
0.069231 0.023077 0.000000
0.069231 0.030769 0.000000
0.069231 0.038462 0.000000
0.069231 0.046154 0.000000
0.069231 0.053846 0.000000
0.069231 0.061538 0.000000
0.069231 0.069231 0.000000
0.069231 0.076923 0.000000
0.069231 0.084615 0.000000
0.069231 0.092308 0.000000
0.069231 0.100000 0.000000
0.076923 0.000000 0.000000
0.076923 0.007692 0.000000
0.076923 0.015385 0.000000
0.076923 0.023077 0.000000
0.076923 0.030769 0.000000
0.076923 0.038462 0.000000
0.076923 0.046154 0.000000
0.076923 0.053846 0.000000
0.076923 0.061538 0.000000
0.076923 0.069231 0.000000
0.076923 0.076923 0.000000
0.076923 0.084615 0.000000
0.076923 0.092308 0.000000
0.076923 0.100000 0.000000
0.084615 0.000000 0.000000
0.084615 0.007692 0.000000
0.084615 0.015385 0.000000
0.084615 0.023077 0.000000
0.084615 0.030769 0.000000
0.084615 0.038462 0.000000
0.084615 0.046154 0.000000
0.084615 0.053846 0.000000
0.084615 0.061538 0.000000
0.084615 0.069231 0.000000
0.084615 0.076923 0.000000
0.084615 0.084615 0.000000
0.084615 0.092308 0.000000
0.084615 0.100000 0.000000
0.092308 0.000000 0.000000
0.092308 0.007692 0.000000
0.092308 0.015385 0.000000
0.092308 0.023077 0.000000
0.092308 0.030769 0.000000
0.092308 0.038462 0.000000
0.092308 0.046154 0.000000
0.092308 0.053846 0.000000
0.092308 0.061538 0.000000
0.092308 0.069231 0.000000
0.092308 0.076923 0.000000
0.092308 0.084615 0.000000
0.092308 0.092308 0.000000
0.092308 0.100000 0.000000
0.100000 0.000000 0.000000
0.100000 0.007692 0.000000
0.100000 0.015385 0.000000
0.100000 0.023077 0.000000
0.100000 0.030769 0.000000
0.100000 0.038462 0.000000
0.100000 0.046154 0.000000
0.100000 0.053846 0.000000
0.100000 0.061538 0.000000
0.100000 0.069231 0.000000
0.100000 0.076923 0.000000
0.100000 0.084615 0.000000
0.100000 0.092308 0.000000
0.100000 0.100000 0.000000
0.000000 0.000000 0.007692
0.000000 0.007692 0.007692
0.000000 0.015385 0.007692
0.000000 0.023077 0.007692
0.000000 0.030769 0.007692
0.000000 0.038462 0.007692
0.000000 0.046154 0.007692
0.000000 0.053846 0.007692
0.000000 0.061538 0.007692
0.000000 0.069231 0.007692
0.000000 0.076923 0.007692
0.000000 0.084615 0.007692
0.000000 0.092308 0.007692
0.000000 0.100000 0.007692
0.007692 0.000000 0.007692
0.007692 0.007692 0.007692
0.007692 0.015385 0.007692
0.007692 0.023077 0.007692
0.007692 0.030769 0.007692
0.007692 0.038462 0.007692
0.007692 0.046154 0.007692
0.007692 0.053846 0.007692
0.007692 0.061538 0.007692
0.007692 0.069231 0.007692
0.007692 0.076923 0.007692
0.007692 0.084615 0.007692
0.007692 0.092308 0.007692
0.007692 0.100000 0.007692
0.015385 0.000000 0.007692
0.015385 0.007692 0.007692
0.015385 0.015385 0.007692
0.015385 0.023077 0.007692
0.015385 0.030769 0.007692
0.015385 0.038462 0.007692
0.015385 0.046154 0.007692
0.015385 0.053846 0.007692
0.015385 0.061538 0.007692
0.015385 0.069231 0.007692
0.015385 0.076923 0.007692
0.015385 0.084615 0.007692
0.015385 0.092308 0.007692
0.015385 0.100000 0.007692
0.023077 0.000000 0.007692
0.023077 0.007692 0.007692
0.023077 0.015385 0.007692
0.023077 0.023077 0.007692
0.023077 0.030769 0.007692
0.023077 0.038462 0.007692
0.023077 0.046154 0.007692
0.023077 0.053846 0.007692
0.023077 0.061538 0.007692
0.023077 0.069231 0.007692
0.023077 0.076923 0.007692
0.023077 0.084615 0.007692
0.023077 0.092308 0.007692
0.023077 0.100000 0.007692
0.030769 0.000000 0.007692
0.030769 0.007692 0.007692
0.030769 0.015385 0.007692
0.030769 0.023077 0.007692
0.030769 0.030769 0.007692
0.030769 0.038462 0.007692
0.030769 0.046154 0.007692
0.030769 0.053846 0.007692
0.030769 0.061538 0.007692
0.030769 0.069231 0.007692
0.030769 0.076923 0.007692
0.030769 0.084615 0.007692
0.030769 0.092308 0.007692
0.030769 0.100000 0.007692
0.038462 0.000000 0.007692
0.038462 0.007692 0.007692
0.038462 0.015385 0.007692
0.038462 0.023077 0.007692
0.038462 0.030769 0.007692
0.038462 0.038462 0.007692
0.038462 0.046154 0.007692
0.038462 0.053846 0.007692
0.038462 0.061538 0.007692
0.038462 0.069231 0.007692
0.038462 0.076923 0.007692
0.038462 0.084615 0.007692
0.038462 0.092308 0.007692
0.038462 0.100000 0.007692
0.046154 0.000000 0.007692
0.046154 0.007692 0.007692
0.046154 0.015385 0.007692
0.046154 0.023077 0.007692
0.046154 0.030769 0.007692
0.046154 0.038462 0.007692
0.046154 0.046154 0.007692
0.046154 0.053846 0.007692
0.046154 0.061538 0.007692
0.046154 0.069231 0.007692
0.046154 0.076923 0.007692
0.046154 0.084615 0.007692
0.046154 0.092308 0.007692
0.046154 0.100000 0.007692
0.053846 0.000000 0.007692
0.053846 0.007692 0.007692
0.053846 0.015385 0.007692
0.053846 0.023077 0.007692
0.053846 0.030769 0.007692
0.053846 0.038462 0.007692
0.053846 0.046154 0.007692
0.053846 0.053846 0.007692
0.053846 0.061538 0.007692
0.053846 0.069231 0.007692
0.053846 0.076923 0.007692
0.053846 0.084615 0.007692
0.053846 0.092308 0.007692
0.053846 0.100000 0.007692
0.061538 0.000000 0.007692
0.061538 0.007692 0.007692
0.061538 0.015385 0.007692
0.061538 0.023077 0.007692
0.061538 0.030769 0.007692
0.061538 0.038462 0.007692
0.061538 0.046154 0.007692
0.061538 0.053846 0.007692
0.061538 0.061538 0.007692
0.061538 0.069231 0.007692
0.061538 0.076923 0.007692
0.061538 0.084615 0.007692
0.061538 0.092308 0.007692
0.061538 0.100000 0.007692
0.069231 0.000000 0.007692
0.069231 0.007692 0.007692
0.069231 0.015385 0.007692
0.069231 0.023077 0.007692
0.069231 0.030769 0.007692
0.069231 0.038462 0.007692
0.069231 0.046154 0.007692
0.069231 0.053846 0.007692
0.069231 0.061538 0.007692
0.069231 0.069231 0.007692
0.069231 0.076923 0.007692
0.069231 0.084615 0.007692
0.069231 0.092308 0.007692
0.069231 0.100000 0.007692
0.076923 0.000000 0.007692
0.076923 0.007692 0.007692
0.076923 0.015385 0.007692
0.076923 0.023077 0.007692
0.076923 0.030769 0.007692
0.076923 0.038462 0.007692
0.076923 0.046154 0.007692
0.076923 0.053846 0.007692
0.076923 0.061538 0.007692
0.076923 0.069231 0.007692
0.076923 0.076923 0.007692
0.076923 0.084615 0.007692
0.076923 0.092308 0.007692
0.076923 0.100000 0.007692
0.084615 0.000000 0.007692
0.084615 0.007692 0.007692
0.084615 0.015385 0.007692
0.084615 0.023077 0.007692
0.084615 0.030769 0.007692
0.084615 0.038462 0.007692
0.084615 0.046154 0.007692
0.084615 0.053846 0.007692
0.084615 0.061538 0.007692
0.084615 0.069231 0.007692
0.084615 0.076923 0.007692
0.084615 0.084615 0.007692
0.084615 0.092308 0.007692
0.084615 0.100000 0.007692
0.092308 0.000000 0.007692
0.092308 0.007692 0.007692
0.092308 0.015385 0.007692
0.092308 0.023077 0.007692
0.092308 0.030769 0.007692
0.092308 0.038462 0.007692
0.092308 0.046154 0.007692
0.092308 0.053846 0.007692
0.092308 0.061538 0.007692
0.092308 0.069231 0.007692
0.092308 0.076923 0.007692
0.092308 0.084615 0.007692
0.092308 0.092308 0.007692
0.092308 0.100000 0.007692
0.100000 0.000000 0.007692
0.100000 0.007692 0.007692
0.100000 0.015385 0.007692
0.100000 0.023077 0.007692
0.100000 0.030769 0.007692
0.100000 0.038462 0.007692
0.100000 0.046154 0.007692
0.100000 0.053846 0.007692
0.100000 0.061538 0.007692
0.100000 0.069231 0.007692
0.100000 0.076923 0.007692
0.100000 0.084615 0.007692
0.100000 0.092308 0.007692
0.100000 0.100000 0.007692
0.000000 0.000000 0.015385
0.000000 0.007692 0.015385
0.000000 0.015385 0.015385
0.000000 0.023077 0.015385
0.000000 0.030769 0.015385
0.000000 0.038462 0.015385
0.000000 0.046154 0.015385
0.000000 0.053846 0.015385
0.000000 0.061538 0.015385
0.000000 0.069231 0.015385
0.000000 0.076923 0.015385
0.000000 0.084615 0.015385
0.000000 0.092308 0.015385
0.000000 0.100000 0.015385
0.007692 0.000000 0.015385
0.007692 0.007692 0.015385
0.007692 0.015385 0.015385
0.007692 0.023077 0.015385
0.007692 0.030769 0.015385
0.007692 0.038462 0.015385
0.007692 0.046154 0.015385
0.007692 0.053846 0.015385
0.007692 0.061538 0.015385
0.007692 0.069231 0.015385
0.007692 0.076923 0.015385
0.007692 0.084615 0.015385
0.007692 0.092308 0.015385
0.007692 0.100000 0.015385
0.015385 0.000000 0.015385
0.015385 0.007692 0.015385
0.015385 0.015385 0.015385
0.015385 0.023077 0.015385
0.015385 0.030769 0.015385
0.015385 0.038462 0.015385
0.015385 0.046154 0.015385
0.015385 0.053846 0.015385
0.015385 0.061538 0.015385
0.015385 0.069231 0.015385
0.015385 0.076923 0.015385
0.015385 0.084615 0.015385
0.015385 0.092308 0.015385
0.015385 0.100000 0.015385
0.023077 0.000000 0.015385
0.023077 0.007692 0.015385
0.023077 0.015385 0.015385
0.023077 0.023077 0.015385
0.023077 0.030769 0.015385
0.023077 0.038462 0.015385
0.023077 0.046154 0.015385
0.023077 0.053846 0.015385
0.023077 0.061538 0.015385
0.023077 0.069231 0.015385
0.023077 0.076923 0.015385
0.023077 0.084615 0.015385
0.023077 0.092308 0.015385
0.023077 0.100000 0.015385
0.030769 0.000000 0.015385
0.030769 0.007692 0.015385
0.030769 0.015385 0.015385
0.030769 0.023077 0.015385
0.030769 0.030769 0.015385
0.030769 0.038462 0.015385
0.030769 0.046154 0.015385
0.030769 0.053846 0.015385
0.030769 0.061538 0.015385
0.030769 0.069231 0.015385
0.030769 0.076923 0.015385
0.030769 0.084615 0.015385
0.030769 0.092308 0.015385
0.030769 0.100000 0.015385
0.038462 0.000000 0.015385
0.038462 0.007692 0.015385
0.038462 0.015385 0.015385
0.038462 0.023077 0.015385
0.038462 0.030769 0.015385
0.038462 0.038462 0.015385
0.038462 0.046154 0.015385
0.038462 0.053846 0.015385
0.038462 0.061538 0.015385
0.038462 0.069231 0.015385
0.038462 0.076923 0.015385
0.038462 0.084615 0.015385
0.038462 0.092308 0.015385
0.038462 0.100000 0.015385
0.046154 0.000000 0.015385
0.046154 0.007692 0.015385
0.046154 0.015385 0.015385
0.046154 0.023077 0.015385
0.046154 0.030769 0.015385
0.046154 0.038462 0.015385
0.046154 0.046154 0.015385
0.046154 0.053846 0.015385
0.046154 0.061538 0.015385
0.046154 0.069231 0.015385
0.046154 0.076923 0.015385
0.046154 0.084615 0.015385
0.046154 0.092308 0.015385
0.046154 0.100000 0.015385
0.053846 0.000000 0.015385
0.053846 0.007692 0.015385
0.053846 0.015385 0.015385
0.053846 0.023077 0.015385
0.053846 0.030769 0.015385
0.053846 0.038462 0.015385
0.053846 0.046154 0.015385
0.053846 0.053846 0.015385
0.053846 0.061538 0.015385
0.053846 0.069231 0.015385
0.053846 0.076923 0.015385
0.053846 0.084615 0.015385
0.053846 0.092308 0.015385
0.053846 0.100000 0.015385
0.061538 0.000000 0.015385
0.061538 0.007692 0.015385
0.061538 0.015385 0.015385
0.061538 0.023077 0.015385
0.061538 0.030769 0.015385
0.061538 0.038462 0.015385
0.061538 0.046154 0.015385
0.061538 0.053846 0.015385
0.061538 0.061538 0.015385
0.061538 0.069231 0.015385
0.061538 0.076923 0.015385
0.061538 0.084615 0.015385
0.061538 0.092308 0.015385
0.061538 0.100000 0.015385
0.069231 0.000000 0.015385
0.069231 0.007692 0.015385
0.069231 0.015385 0.015385
0.069231 0.023077 0.015385
0.069231 0.030769 0.015385
0.069231 0.038462 0.015385
0.069231 0.046154 0.015385
0.069231 0.053846 0.015385
0.069231 0.061538 0.015385
0.069231 0.069231 0.015385
0.069231 0.076923 0.015385
0.069231 0.084615 0.015385
0.069231 0.092308 0.015385
0.069231 0.100000 0.015385
0.076923 0.000000 0.015385
0.076923 0.007692 0.015385
0.076923 0.015385 0.015385
0.076923 0.023077 0.015385
0.076923 0.030769 0.015385
0.076923 0.038462 0.015385
0.076923 0.046154 0.015385
0.076923 0.053846 0.015385
0.076923 0.061538 0.015385
0.076923 0.069231 0.015385
0.076923 0.076923 0.015385
0.076923 0.084615 0.015385
0.076923 0.092308 0.015385
0.076923 0.100000 0.015385
0.084615 0.000000 0.015385
0.084615 0.007692 0.015385
0.084615 0.015385 0.015385
0.084615 0.023077 0.015385
0.084615 0.030769 0.015385
0.084615 0.038462 0.015385
0.084615 0.046154 0.015385
0.084615 0.053846 0.015385
0.084615 0.061538 0.015385
0.084615 0.069231 0.015385
0.084615 0.076923 0.015385
0.084615 0.084615 0.015385
0.084615 0.092308 0.015385
0.084615 0.100000 0.015385
0.092308 0.000000 0.015385
0.092308 0.007692 0.015385
0.092308 0.015385 0.015385
0.092308 0.023077 0.015385
0.092308 0.030769 0.015385
0.092308 0.038462 0.015385
0.092308 0.046154 0.015385
0.092308 0.053846 0.015385
0.092308 0.061538 0.015385
0.092308 0.069231 0.015385
0.092308 0.076923 0.015385
0.092308 0.084615 0.015385
0.092308 0.092308 0.015385
0.092308 0.100000 0.015385
0.100000 0.000000 0.015385
0.100000 0.007692 0.015385
0.100000 0.015385 0.015385
0.100000 0.023077 0.015385
0.100000 0.030769 0.015385
0.100000 0.038462 0.015385
0.100000 0.046154 0.015385
0.100000 0.053846 0.015385
0.100000 0.061538 0.015385
0.100000 0.069231 0.015385
0.100000 0.076923 0.015385
0.100000 0.084615 0.015385
0.100000 0.092308 0.015385
0.100000 0.100000 0.015385
0.000000 0.000000 0.023077
0.000000 0.007692 0.023077
0.000000 0.015385 0.023077
0.000000 0.023077 0.023077
0.000000 0.030769 0.023077
0.000000 0.038462 0.023077
0.000000 0.046154 0.023077
0.000000 0.053846 0.023077
0.000000 0.061538 0.023077
0.000000 0.069231 0.023077
0.000000 0.076923 0.023077
0.000000 0.084615 0.023077
0.000000 0.092308 0.023077
0.000000 0.100000 0.023077
0.007692 0.000000 0.023077
0.007692 0.007692 0.023077
0.007692 0.015385 0.023077
0.007692 0.023077 0.023077
0.007692 0.030769 0.023077
0.007692 0.038462 0.023077
0.007692 0.046154 0.023077
0.007692 0.053846 0.023077
0.007692 0.061538 0.023077
0.007692 0.069231 0.023077
0.007692 0.076923 0.023077
0.007692 0.084615 0.023077
0.007692 0.092308 0.023077
0.007692 0.100000 0.023077
0.015385 0.000000 0.023077
0.015385 0.007692 0.023077
0.015385 0.015385 0.023077
0.015385 0.023077 0.023077
0.015385 0.030769 0.023077
0.015385 0.038462 0.023077
0.015385 0.046154 0.023077
0.015385 0.053846 0.023077
0.015385 0.061538 0.023077
0.015385 0.069231 0.023077
0.015385 0.076923 0.023077
0.015385 0.084615 0.023077
0.015385 0.092308 0.023077
0.015385 0.100000 0.023077
0.023077 0.000000 0.023077
0.023077 0.007692 0.023077
0.023077 0.015385 0.023077
0.023077 0.023077 0.023077
0.023077 0.030769 0.023077
0.023077 0.038462 0.023077
0.023077 0.046154 0.023077
0.023077 0.053846 0.023077
0.023077 0.061538 0.023077
0.023077 0.069231 0.023077
0.023077 0.076923 0.023077
0.023077 0.084615 0.023077
0.023077 0.092308 0.023077
0.023077 0.100000 0.023077
0.030769 0.000000 0.023077
0.030769 0.007692 0.023077
0.030769 0.015385 0.023077
0.030769 0.023077 0.023077
0.030769 0.030769 0.023077
0.030769 0.038462 0.023077
0.030769 0.046154 0.023077
0.030769 0.053846 0.023077
0.030769 0.061538 0.023077
0.030769 0.069231 0.023077
0.030769 0.076923 0.023077
0.030769 0.084615 0.023077
0.030769 0.092308 0.023077
0.030769 0.100000 0.023077
0.038462 0.000000 0.023077
0.038462 0.007692 0.023077
0.038462 0.015385 0.023077
0.038462 0.023077 0.023077
0.038462 0.030769 0.023077
0.038462 0.038462 0.023077
0.038462 0.046154 0.023077
0.038462 0.053846 0.023077
0.038462 0.061538 0.023077
0.038462 0.069231 0.023077
0.038462 0.076923 0.023077
0.038462 0.084615 0.023077
0.038462 0.092308 0.023077
0.038462 0.100000 0.023077
0.046154 0.000000 0.023077
0.046154 0.007692 0.023077
0.046154 0.015385 0.023077
0.046154 0.023077 0.023077
0.046154 0.030769 0.023077
0.046154 0.038462 0.023077
0.046154 0.046154 0.023077
0.046154 0.053846 0.023077
0.046154 0.061538 0.023077
0.046154 0.069231 0.023077
0.046154 0.076923 0.023077
0.046154 0.084615 0.023077
0.046154 0.092308 0.023077
0.046154 0.100000 0.023077
0.053846 0.000000 0.023077
0.053846 0.007692 0.023077
0.053846 0.015385 0.023077
0.053846 0.023077 0.023077
0.053846 0.030769 0.023077
0.053846 0.038462 0.023077
0.053846 0.046154 0.023077
0.053846 0.053846 0.023077
0.053846 0.061538 0.023077
0.053846 0.069231 0.023077
0.053846 0.076923 0.023077
0.053846 0.084615 0.023077
0.053846 0.092308 0.023077
0.053846 0.100000 0.023077
0.061538 0.000000 0.023077
0.061538 0.007692 0.023077
0.061538 0.015385 0.023077
0.061538 0.023077 0.023077
0.061538 0.030769 0.023077
0.061538 0.038462 0.023077
0.061538 0.046154 0.023077
0.061538 0.053846 0.023077
0.061538 0.061538 0.023077
0.061538 0.069231 0.023077
0.061538 0.076923 0.023077
0.061538 0.084615 0.023077
0.061538 0.092308 0.023077
0.061538 0.100000 0.023077
0.069231 0.000000 0.023077
0.069231 0.007692 0.023077
0.069231 0.015385 0.023077
0.069231 0.023077 0.023077
0.069231 0.030769 0.023077
0.069231 0.038462 0.023077
0.069231 0.046154 0.023077
0.069231 0.053846 0.023077
0.069231 0.061538 0.023077
0.069231 0.069231 0.023077
0.069231 0.076923 0.023077
0.069231 0.084615 0.023077
0.069231 0.092308 0.023077
0.069231 0.100000 0.023077
0.076923 0.000000 0.023077
0.076923 0.007692 0.023077
0.076923 0.015385 0.023077
0.076923 0.023077 0.023077
0.076923 0.030769 0.023077
0.076923 0.038462 0.023077
0.076923 0.046154 0.023077
0.076923 0.053846 0.023077
0.076923 0.061538 0.023077
0.076923 0.069231 0.023077
0.076923 0.076923 0.023077
0.076923 0.084615 0.023077
0.076923 0.092308 0.023077
0.076923 0.100000 0.023077
0.084615 0.000000 0.023077
0.084615 0.007692 0.023077
0.084615 0.015385 0.023077
0.084615 0.023077 0.023077
0.084615 0.030769 0.023077
0.084615 0.038462 0.023077
0.084615 0.046154 0.023077
0.084615 0.053846 0.023077
0.084615 0.061538 0.023077
0.084615 0.069231 0.023077
0.084615 0.076923 0.023077
0.084615 0.084615 0.023077
0.084615 0.092308 0.023077
0.084615 0.100000 0.023077
0.092308 0.000000 0.023077
0.092308 0.007692 0.023077
0.092308 0.015385 0.023077
0.092308 0.023077 0.023077
0.092308 0.030769 0.023077
0.092308 0.038462 0.023077
0.092308 0.046154 0.023077
0.092308 0.053846 0.023077
0.092308 0.061538 0.023077
0.092308 0.069231 0.023077
0.092308 0.076923 0.023077
0.092308 0.084615 0.023077
0.092308 0.092308 0.023077
0.092308 0.100000 0.023077
0.100000 0.000000 0.023077
0.100000 0.007692 0.023077
0.100000 0.015385 0.023077
0.100000 0.023077 0.023077
0.100000 0.030769 0.023077
0.100000 0.038462 0.023077
0.100000 0.046154 0.023077
0.100000 0.053846 0.023077
0.100000 0.061538 0.023077
0.100000 0.069231 0.023077
0.100000 0.076923 0.023077
0.100000 0.084615 0.023077
0.100000 0.092308 0.023077
0.100000 0.100000 0.023077
0.000000 0.000000 0.030769
0.000000 0.007692 0.030769
0.000000 0.015385 0.030769
0.000000 0.023077 0.030769
0.000000 0.030769 0.030769
0.000000 0.038462 0.030769
0.000000 0.046154 0.030769
0.000000 0.053846 0.030769
0.000000 0.061538 0.030769
0.000000 0.069231 0.030769
0.000000 0.076923 0.030769
0.000000 0.084615 0.030769
0.000000 0.092308 0.030769
0.000000 0.100000 0.030769
0.007692 0.000000 0.030769
0.007692 0.007692 0.030769
0.007692 0.015385 0.030769
0.007692 0.023077 0.030769
0.007692 0.030769 0.030769
0.007692 0.038462 0.030769
0.007692 0.046154 0.030769
0.007692 0.053846 0.030769
0.007692 0.061538 0.030769
0.007692 0.069231 0.030769
0.007692 0.076923 0.030769
0.007692 0.084615 0.030769
0.007692 0.092308 0.030769
0.007692 0.100000 0.030769
0.015385 0.000000 0.030769
0.015385 0.007692 0.030769
0.015385 0.015385 0.030769
0.015385 0.023077 0.030769
0.015385 0.030769 0.030769
0.015385 0.038462 0.030769
0.015385 0.046154 0.030769
0.015385 0.053846 0.030769
0.015385 0.061538 0.030769
0.015385 0.069231 0.030769
0.015385 0.076923 0.030769
0.015385 0.084615 0.030769
0.015385 0.092308 0.030769
0.015385 0.100000 0.030769
0.023077 0.000000 0.030769
0.023077 0.007692 0.030769
0.023077 0.015385 0.030769
0.023077 0.023077 0.030769
0.023077 0.030769 0.030769
0.023077 0.038462 0.030769
0.023077 0.046154 0.030769
0.023077 0.053846 0.030769
0.023077 0.061538 0.030769
0.023077 0.069231 0.030769
0.023077 0.076923 0.030769
0.023077 0.084615 0.030769
0.023077 0.092308 0.030769
0.023077 0.100000 0.030769
0.030769 0.000000 0.030769
0.030769 0.007692 0.030769
0.030769 0.015385 0.030769
0.030769 0.023077 0.030769
0.030769 0.030769 0.030769
0.030769 0.038462 0.030769
0.030769 0.046154 0.030769
0.030769 0.053846 0.030769
0.030769 0.061538 0.030769
0.030769 0.069231 0.030769
0.030769 0.076923 0.030769
0.030769 0.084615 0.030769
0.030769 0.092308 0.030769
0.030769 0.100000 0.030769
0.038462 0.000000 0.030769
0.038462 0.007692 0.030769
0.038462 0.015385 0.030769
0.038462 0.023077 0.030769
0.038462 0.030769 0.030769
0.038462 0.038462 0.030769
0.038462 0.046154 0.030769
0.038462 0.053846 0.030769
0.038462 0.061538 0.030769
0.038462 0.069231 0.030769
0.038462 0.076923 0.030769
0.038462 0.084615 0.030769
0.038462 0.092308 0.030769
0.038462 0.100000 0.030769
0.046154 0.000000 0.030769
0.046154 0.007692 0.030769
0.046154 0.015385 0.030769
0.046154 0.023077 0.030769
0.046154 0.030769 0.030769
0.046154 0.038462 0.030769
0.046154 0.046154 0.030769
0.046154 0.053846 0.030769
0.046154 0.061538 0.030769
0.046154 0.069231 0.030769
0.046154 0.076923 0.030769
0.046154 0.084615 0.030769
0.046154 0.092308 0.030769
0.046154 0.100000 0.030769
0.053846 0.000000 0.030769
0.053846 0.007692 0.030769
0.053846 0.015385 0.030769
0.053846 0.023077 0.030769
0.053846 0.030769 0.030769
0.053846 0.038462 0.030769
0.053846 0.046154 0.030769
0.053846 0.053846 0.030769
0.053846 0.061538 0.030769
0.053846 0.069231 0.030769
0.053846 0.076923 0.030769
0.053846 0.084615 0.030769
0.053846 0.092308 0.030769
0.053846 0.100000 0.030769
0.061538 0.000000 0.030769
0.061538 0.007692 0.030769
0.061538 0.015385 0.030769
0.061538 0.023077 0.030769
0.061538 0.030769 0.030769
0.061538 0.038462 0.030769
0.061538 0.046154 0.030769
0.061538 0.053846 0.030769
0.061538 0.061538 0.030769
0.061538 0.069231 0.030769
0.061538 0.076923 0.030769
0.061538 0.084615 0.030769
0.061538 0.092308 0.030769
0.061538 0.100000 0.030769
0.069231 0.000000 0.030769
0.069231 0.007692 0.030769
0.069231 0.015385 0.030769
0.069231 0.023077 0.030769
0.069231 0.030769 0.030769
0.069231 0.038462 0.030769
0.069231 0.046154 0.030769
0.069231 0.053846 0.030769
0.069231 0.061538 0.030769
0.069231 0.069231 0.030769
0.069231 0.076923 0.030769
0.069231 0.084615 0.030769
0.069231 0.092308 0.030769
0.069231 0.100000 0.030769
0.076923 0.000000 0.030769
0.076923 0.007692 0.030769
0.076923 0.015385 0.030769
0.076923 0.023077 0.030769
0.076923 0.030769 0.030769
0.076923 0.038462 0.030769
0.076923 0.046154 0.030769
0.076923 0.053846 0.030769
0.076923 0.061538 0.030769
0.076923 0.069231 0.030769
0.076923 0.076923 0.030769
0.076923 0.084615 0.030769
0.076923 0.092308 0.030769
0.076923 0.100000 0.030769
0.084615 0.000000 0.030769
0.084615 0.007692 0.030769
0.084615 0.015385 0.030769
0.084615 0.023077 0.030769
0.084615 0.030769 0.030769
0.084615 0.038462 0.030769
0.084615 0.046154 0.030769
0.084615 0.053846 0.030769
0.084615 0.061538 0.030769
0.084615 0.069231 0.030769
0.084615 0.076923 0.030769
0.084615 0.084615 0.030769
0.084615 0.092308 0.030769
0.084615 0.100000 0.030769
0.092308 0.000000 0.030769
0.092308 0.007692 0.030769
0.092308 0.015385 0.030769
0.092308 0.023077 0.030769
0.092308 0.030769 0.030769
0.092308 0.038462 0.030769
0.092308 0.046154 0.030769
0.092308 0.053846 0.030769
0.092308 0.061538 0.030769
0.092308 0.069231 0.030769
0.092308 0.076923 0.030769
0.092308 0.084615 0.030769
0.092308 0.092308 0.030769
0.092308 0.100000 0.030769
0.100000 0.000000 0.030769
0.100000 0.007692 0.030769
0.100000 0.015385 0.030769
0.100000 0.023077 0.030769
0.100000 0.030769 0.030769
0.100000 0.038462 0.030769
0.100000 0.046154 0.030769
0.100000 0.053846 0.030769
0.100000 0.061538 0.030769
0.100000 0.069231 0.030769
0.100000 0.076923 0.030769
0.100000 0.084615 0.030769
0.100000 0.092308 0.030769
0.100000 0.100000 0.030769
0.000000 0.000000 0.038462
0.000000 0.007692 0.038462
0.000000 0.015385 0.038462
0.000000 0.023077 0.038462
0.000000 0.030769 0.038462
0.000000 0.038462 0.038462
0.000000 0.046154 0.038462
0.000000 0.053846 0.038462
0.000000 0.061538 0.038462
0.000000 0.069231 0.038462
0.000000 0.076923 0.038462
0.000000 0.084615 0.038462
0.000000 0.092308 0.038462
0.000000 0.100000 0.038462
0.007692 0.000000 0.038462
0.007692 0.007692 0.038462
0.007692 0.015385 0.038462
0.007692 0.023077 0.038462
0.007692 0.030769 0.038462
0.007692 0.038462 0.038462
0.007692 0.046154 0.038462
0.007692 0.053846 0.038462
0.007692 0.061538 0.038462
0.007692 0.069231 0.038462
0.007692 0.076923 0.038462
0.007692 0.084615 0.038462
0.007692 0.092308 0.038462
0.007692 0.100000 0.038462
0.015385 0.000000 0.038462
0.015385 0.007692 0.038462
0.015385 0.015385 0.038462
0.015385 0.023077 0.038462
0.015385 0.030769 0.038462
0.015385 0.038462 0.038462
0.015385 0.046154 0.038462
0.015385 0.053846 0.038462
0.015385 0.061538 0.038462
0.015385 0.069231 0.038462
0.015385 0.076923 0.038462
0.015385 0.084615 0.038462
0.015385 0.092308 0.038462
0.015385 0.100000 0.038462
0.023077 0.000000 0.038462
0.023077 0.007692 0.038462
0.023077 0.015385 0.038462
0.023077 0.023077 0.038462
0.023077 0.030769 0.038462
0.023077 0.038462 0.038462
0.023077 0.046154 0.038462
0.023077 0.053846 0.038462
0.023077 0.061538 0.038462
0.023077 0.069231 0.038462
0.023077 0.076923 0.038462
0.023077 0.084615 0.038462
0.023077 0.092308 0.038462
0.023077 0.100000 0.038462
0.030769 0.000000 0.038462
0.030769 0.007692 0.038462
0.030769 0.015385 0.038462
0.030769 0.023077 0.038462
0.030769 0.030769 0.038462
0.030769 0.038462 0.038462
0.030769 0.046154 0.038462
0.030769 0.053846 0.038462
0.030769 0.061538 0.038462
0.030769 0.069231 0.038462
0.030769 0.076923 0.038462
0.030769 0.084615 0.038462
0.030769 0.092308 0.038462
0.030769 0.100000 0.038462
0.038462 0.000000 0.038462
0.038462 0.007692 0.038462
0.038462 0.015385 0.038462
0.038462 0.023077 0.038462
0.038462 0.030769 0.038462
0.038462 0.038462 0.038462
0.038462 0.046154 0.038462
0.038462 0.053846 0.038462
0.038462 0.061538 0.038462
0.038462 0.069231 0.038462
0.038462 0.076923 0.038462
0.038462 0.084615 0.038462
0.038462 0.092308 0.038462
0.038462 0.100000 0.038462
0.046154 0.000000 0.038462
0.046154 0.007692 0.038462
0.046154 0.015385 0.038462
0.046154 0.023077 0.038462
0.046154 0.030769 0.038462
0.046154 0.038462 0.038462
0.046154 0.046154 0.038462
0.046154 0.053846 0.038462
0.046154 0.061538 0.038462
0.046154 0.069231 0.038462
0.046154 0.076923 0.038462
0.046154 0.084615 0.038462
0.046154 0.092308 0.038462
0.046154 0.100000 0.038462
0.053846 0.000000 0.038462
0.053846 0.007692 0.038462
0.053846 0.015385 0.038462
0.053846 0.023077 0.038462
0.053846 0.030769 0.038462
0.053846 0.038462 0.038462
0.053846 0.046154 0.038462
0.053846 0.053846 0.038462
0.053846 0.061538 0.038462
0.053846 0.069231 0.038462
0.053846 0.076923 0.038462
0.053846 0.084615 0.038462
0.053846 0.092308 0.038462
0.053846 0.100000 0.038462
0.061538 0.000000 0.038462
0.061538 0.007692 0.038462
0.061538 0.015385 0.038462
0.061538 0.023077 0.038462
0.061538 0.030769 0.038462
0.061538 0.038462 0.038462
0.061538 0.046154 0.038462
0.061538 0.053846 0.038462
0.061538 0.061538 0.038462
0.061538 0.069231 0.038462
0.061538 0.076923 0.038462
0.061538 0.084615 0.038462
0.061538 0.092308 0.038462
0.061538 0.100000 0.038462
0.069231 0.000000 0.038462
0.069231 0.007692 0.038462
0.069231 0.015385 0.038462
0.069231 0.023077 0.038462
0.069231 0.030769 0.038462
0.069231 0.038462 0.038462
0.069231 0.046154 0.038462
0.069231 0.053846 0.038462
0.069231 0.061538 0.038462
0.069231 0.069231 0.038462
0.069231 0.076923 0.038462
0.069231 0.084615 0.038462
0.069231 0.092308 0.038462
0.069231 0.100000 0.038462
0.076923 0.000000 0.038462
0.076923 0.007692 0.038462
0.076923 0.015385 0.038462
0.076923 0.023077 0.038462
0.076923 0.030769 0.038462
0.076923 0.038462 0.038462
0.076923 0.046154 0.038462
0.076923 0.053846 0.038462
0.076923 0.061538 0.038462
0.076923 0.069231 0.038462
0.076923 0.076923 0.038462
0.076923 0.084615 0.038462
0.076923 0.092308 0.038462
0.076923 0.100000 0.038462
0.084615 0.000000 0.038462
0.084615 0.007692 0.038462
0.084615 0.015385 0.038462
0.084615 0.023077 0.038462
0.084615 0.030769 0.038462
0.084615 0.038462 0.038462
0.084615 0.046154 0.038462
0.084615 0.053846 0.038462
0.084615 0.061538 0.038462
0.084615 0.069231 0.038462
0.084615 0.076923 0.038462
0.084615 0.084615 0.038462
0.084615 0.092308 0.038462
0.084615 0.100000 0.038462
0.092308 0.000000 0.038462
0.092308 0.007692 0.038462
0.092308 0.015385 0.038462
0.092308 0.023077 0.038462
0.092308 0.030769 0.038462
0.092308 0.038462 0.038462
0.092308 0.046154 0.038462
0.092308 0.053846 0.038462
0.092308 0.061538 0.038462
0.092308 0.069231 0.038462
0.092308 0.076923 0.038462
0.092308 0.084615 0.038462
0.092308 0.092308 0.038462
0.092308 0.100000 0.038462
0.100000 0.000000 0.038462
0.100000 0.007692 0.038462
0.100000 0.015385 0.038462
0.100000 0.023077 0.038462
0.100000 0.030769 0.038462
0.100000 0.038462 0.038462
0.100000 0.046154 0.038462
0.100000 0.053846 0.038462
0.100000 0.061538 0.038462
0.100000 0.069231 0.038462
0.100000 0.076923 0.038462
0.100000 0.084615 0.038462
0.100000 0.092308 0.038462
0.100000 0.100000 0.038462
0.000000 0.000000 0.046154
0.000000 0.007692 0.046154
0.000000 0.015385 0.046154
0.000000 0.023077 0.046154
0.000000 0.030769 0.046154
0.000000 0.038462 0.046154
0.000000 0.046154 0.046154
0.000000 0.053846 0.046154
0.000000 0.061538 0.046154
0.000000 0.069231 0.046154
0.000000 0.076923 0.046154
0.000000 0.084615 0.046154
0.000000 0.092308 0.046154
0.000000 0.100000 0.046154
0.007692 0.000000 0.046154
0.007692 0.007692 0.046154
0.007692 0.015385 0.046154
0.007692 0.023077 0.046154
0.007692 0.030769 0.046154
0.007692 0.038462 0.046154
0.007692 0.046154 0.046154
0.007692 0.053846 0.046154
0.007692 0.061538 0.046154
0.007692 0.069231 0.046154
0.007692 0.076923 0.046154
0.007692 0.084615 0.046154
0.007692 0.092308 0.046154
0.007692 0.100000 0.046154
0.015385 0.000000 0.046154
0.015385 0.007692 0.046154
0.015385 0.015385 0.046154
0.015385 0.023077 0.046154
0.015385 0.030769 0.046154
0.015385 0.038462 0.046154
0.015385 0.046154 0.046154
0.015385 0.053846 0.046154
0.015385 0.061538 0.046154
0.015385 0.069231 0.046154
0.015385 0.076923 0.046154
0.015385 0.084615 0.046154
0.015385 0.092308 0.046154
0.015385 0.100000 0.046154
0.023077 0.000000 0.046154
0.023077 0.007692 0.046154
0.023077 0.015385 0.046154
0.023077 0.023077 0.046154
0.023077 0.030769 0.046154
0.023077 0.038462 0.046154
0.023077 0.046154 0.046154
0.023077 0.053846 0.046154
0.023077 0.061538 0.046154
0.023077 0.069231 0.046154
0.023077 0.076923 0.046154
0.023077 0.084615 0.046154
0.023077 0.092308 0.046154
0.023077 0.100000 0.046154
0.030769 0.000000 0.046154
0.030769 0.007692 0.046154
0.030769 0.015385 0.046154
0.030769 0.023077 0.046154
0.030769 0.030769 0.046154
0.030769 0.038462 0.046154
0.030769 0.046154 0.046154
0.030769 0.053846 0.046154
0.030769 0.061538 0.046154
0.030769 0.069231 0.046154
0.030769 0.076923 0.046154
0.030769 0.084615 0.046154
0.030769 0.092308 0.046154
0.030769 0.100000 0.046154
0.038462 0.000000 0.046154
0.038462 0.007692 0.046154
0.038462 0.015385 0.046154
0.038462 0.023077 0.046154
0.038462 0.030769 0.046154
0.038462 0.038462 0.046154
0.038462 0.046154 0.046154
0.038462 0.053846 0.046154
0.038462 0.061538 0.046154
0.038462 0.069231 0.046154
0.038462 0.076923 0.046154
0.038462 0.084615 0.046154
0.038462 0.092308 0.046154
0.038462 0.100000 0.046154
0.046154 0.000000 0.046154
0.046154 0.007692 0.046154
0.046154 0.015385 0.046154
0.046154 0.023077 0.046154
0.046154 0.030769 0.046154
0.046154 0.038462 0.046154
0.046154 0.046154 0.046154
0.046154 0.053846 0.046154
0.046154 0.061538 0.046154
0.046154 0.069231 0.046154
0.046154 0.076923 0.046154
0.046154 0.084615 0.046154
0.046154 0.092308 0.046154
0.046154 0.100000 0.046154
0.053846 0.000000 0.046154
0.053846 0.007692 0.046154
0.053846 0.015385 0.046154
0.053846 0.023077 0.046154
0.053846 0.030769 0.046154
0.053846 0.038462 0.046154
0.053846 0.046154 0.046154
0.053846 0.053846 0.046154
0.053846 0.061538 0.046154
0.053846 0.069231 0.046154
0.053846 0.076923 0.046154
0.053846 0.084615 0.046154
0.053846 0.092308 0.046154
0.053846 0.100000 0.046154
0.061538 0.000000 0.046154
0.061538 0.007692 0.046154
0.061538 0.015385 0.046154
0.061538 0.023077 0.046154
0.061538 0.030769 0.046154
0.061538 0.038462 0.046154
0.061538 0.046154 0.046154
0.061538 0.053846 0.046154
0.061538 0.061538 0.046154
0.061538 0.069231 0.046154
0.061538 0.076923 0.046154
0.061538 0.084615 0.046154
0.061538 0.092308 0.046154
0.061538 0.100000 0.046154
0.069231 0.000000 0.046154
0.069231 0.007692 0.046154
0.069231 0.015385 0.046154
0.069231 0.023077 0.046154
0.069231 0.030769 0.046154
0.069231 0.038462 0.046154
0.069231 0.046154 0.046154
0.069231 0.053846 0.046154
0.069231 0.061538 0.046154
0.069231 0.069231 0.046154
0.069231 0.076923 0.046154
0.069231 0.084615 0.046154
0.069231 0.092308 0.046154
0.069231 0.100000 0.046154
0.076923 0.000000 0.046154
0.076923 0.007692 0.046154
0.076923 0.015385 0.046154
0.076923 0.023077 0.046154
0.076923 0.030769 0.046154
0.076923 0.038462 0.046154
0.076923 0.046154 0.046154
0.076923 0.053846 0.046154
0.076923 0.061538 0.046154
0.076923 0.069231 0.046154
0.076923 0.076923 0.046154
0.076923 0.084615 0.046154
0.076923 0.092308 0.046154
0.076923 0.100000 0.046154
0.084615 0.000000 0.046154
0.084615 0.007692 0.046154
0.084615 0.015385 0.046154
0.084615 0.023077 0.046154
0.084615 0.030769 0.046154
0.084615 0.038462 0.046154
0.084615 0.046154 0.046154
0.084615 0.053846 0.046154
0.084615 0.061538 0.046154
0.084615 0.069231 0.046154
0.084615 0.076923 0.046154
0.084615 0.084615 0.046154
0.084615 0.092308 0.046154
0.084615 0.100000 0.046154
0.092308 0.000000 0.046154
0.092308 0.007692 0.046154
0.092308 0.015385 0.046154
0.092308 0.023077 0.046154
0.092308 0.030769 0.046154
0.092308 0.038462 0.046154
0.092308 0.046154 0.046154
0.092308 0.053846 0.046154
0.092308 0.061538 0.046154
0.092308 0.069231 0.046154
0.092308 0.076923 0.046154
0.092308 0.084615 0.046154
0.092308 0.092308 0.046154
0.092308 0.100000 0.046154
0.100000 0.000000 0.046154
0.100000 0.007692 0.046154
0.100000 0.015385 0.046154
0.100000 0.023077 0.046154
0.100000 0.030769 0.046154
0.100000 0.038462 0.046154
0.100000 0.046154 0.046154
0.100000 0.053846 0.046154
0.100000 0.061538 0.046154
0.100000 0.069231 0.046154
0.100000 0.076923 0.046154
0.100000 0.084615 0.046154
0.100000 0.092308 0.046154
0.100000 0.100000 0.046154
0.000000 0.000000 0.053846
0.000000 0.007692 0.053846
0.000000 0.015385 0.053846
0.000000 0.023077 0.053846
0.000000 0.030769 0.053846
0.000000 0.038462 0.053846
0.000000 0.046154 0.053846
0.000000 0.053846 0.053846
0.000000 0.061538 0.053846
0.000000 0.069231 0.053846
0.000000 0.076923 0.053846
0.000000 0.084615 0.053846
0.000000 0.092308 0.053846
0.000000 0.100000 0.053846
0.007692 0.000000 0.053846
0.007692 0.007692 0.053846
0.007692 0.015385 0.053846
0.007692 0.023077 0.053846
0.007692 0.030769 0.053846
0.007692 0.038462 0.053846
0.007692 0.046154 0.053846
0.007692 0.053846 0.053846
0.007692 0.061538 0.053846
0.007692 0.069231 0.053846
0.007692 0.076923 0.053846
0.007692 0.084615 0.053846
0.007692 0.092308 0.053846
0.007692 0.100000 0.053846
0.015385 0.000000 0.053846
0.015385 0.007692 0.053846
0.015385 0.015385 0.053846
0.015385 0.023077 0.053846
0.015385 0.030769 0.053846
0.015385 0.038462 0.053846
0.015385 0.046154 0.053846
0.015385 0.053846 0.053846
0.015385 0.061538 0.053846
0.015385 0.069231 0.053846
0.015385 0.076923 0.053846
0.015385 0.084615 0.053846
0.015385 0.092308 0.053846
0.015385 0.100000 0.053846
0.023077 0.000000 0.053846
0.023077 0.007692 0.053846
0.023077 0.015385 0.053846
0.023077 0.023077 0.053846
0.023077 0.030769 0.053846
0.023077 0.038462 0.053846
0.023077 0.046154 0.053846
0.023077 0.053846 0.053846
0.023077 0.061538 0.053846
0.023077 0.069231 0.053846
0.023077 0.076923 0.053846
0.023077 0.084615 0.053846
0.023077 0.092308 0.053846
0.023077 0.100000 0.053846
0.030769 0.000000 0.053846
0.030769 0.007692 0.053846
0.030769 0.015385 0.053846
0.030769 0.023077 0.053846
0.030769 0.030769 0.053846
0.030769 0.038462 0.053846
0.030769 0.046154 0.053846
0.030769 0.053846 0.053846
0.030769 0.061538 0.053846
0.030769 0.069231 0.053846
0.030769 0.076923 0.053846
0.030769 0.084615 0.053846
0.030769 0.092308 0.053846
0.030769 0.100000 0.053846
0.038462 0.000000 0.053846
0.038462 0.007692 0.053846
0.038462 0.015385 0.053846
0.038462 0.023077 0.053846
0.038462 0.030769 0.053846
0.038462 0.038462 0.053846
0.038462 0.046154 0.053846
0.038462 0.053846 0.053846
0.038462 0.061538 0.053846
0.038462 0.069231 0.053846
0.038462 0.076923 0.053846
0.038462 0.084615 0.053846
0.038462 0.092308 0.053846
0.038462 0.100000 0.053846
0.046154 0.000000 0.053846
0.046154 0.007692 0.053846
0.046154 0.015385 0.053846
0.046154 0.023077 0.053846
0.046154 0.030769 0.053846
0.046154 0.038462 0.053846
0.046154 0.046154 0.053846
0.046154 0.053846 0.053846
0.046154 0.061538 0.053846
0.046154 0.069231 0.053846
0.046154 0.076923 0.053846
0.046154 0.084615 0.053846
0.046154 0.092308 0.053846
0.046154 0.100000 0.053846
0.053846 0.000000 0.053846
0.053846 0.007692 0.053846
0.053846 0.015385 0.053846
0.053846 0.023077 0.053846
0.053846 0.030769 0.053846
0.053846 0.038462 0.053846
0.053846 0.046154 0.053846
0.053846 0.053846 0.053846
0.053846 0.061538 0.053846
0.053846 0.069231 0.053846
0.053846 0.076923 0.053846
0.053846 0.084615 0.053846
0.053846 0.092308 0.053846
0.053846 0.100000 0.053846
0.061538 0.000000 0.053846
0.061538 0.007692 0.053846
0.061538 0.015385 0.053846
0.061538 0.023077 0.053846
0.061538 0.030769 0.053846
0.061538 0.038462 0.053846
0.061538 0.046154 0.053846
0.061538 0.053846 0.053846
0.061538 0.061538 0.053846
0.061538 0.069231 0.053846
0.061538 0.076923 0.053846
0.061538 0.084615 0.053846
0.061538 0.092308 0.053846
0.061538 0.100000 0.053846
0.069231 0.000000 0.053846
0.069231 0.007692 0.053846
0.069231 0.015385 0.053846
0.069231 0.023077 0.053846
0.069231 0.030769 0.053846
0.069231 0.038462 0.053846
0.069231 0.046154 0.053846
0.069231 0.053846 0.053846
0.069231 0.061538 0.053846
0.069231 0.069231 0.053846
0.069231 0.076923 0.053846
0.069231 0.084615 0.053846
0.069231 0.092308 0.053846
0.069231 0.100000 0.053846
0.076923 0.000000 0.053846
0.076923 0.007692 0.053846
0.076923 0.015385 0.053846
0.076923 0.023077 0.053846
0.076923 0.030769 0.053846
0.076923 0.038462 0.053846
0.076923 0.046154 0.053846
0.076923 0.053846 0.053846
0.076923 0.061538 0.053846
0.076923 0.069231 0.053846
0.076923 0.076923 0.053846
0.076923 0.084615 0.053846
0.076923 0.092308 0.053846
0.076923 0.100000 0.053846
0.084615 0.000000 0.053846
0.084615 0.007692 0.053846
0.084615 0.015385 0.053846
0.084615 0.023077 0.053846
0.084615 0.030769 0.053846
0.084615 0.038462 0.053846
0.084615 0.046154 0.053846
0.084615 0.053846 0.053846
0.084615 0.061538 0.053846
0.084615 0.069231 0.053846
0.084615 0.076923 0.053846
0.084615 0.084615 0.053846
0.084615 0.092308 0.053846
0.084615 0.100000 0.053846
0.092308 0.000000 0.053846
0.092308 0.007692 0.053846
0.092308 0.015385 0.053846
0.092308 0.023077 0.053846
0.092308 0.030769 0.053846
0.092308 0.038462 0.053846
0.092308 0.046154 0.053846
0.092308 0.053846 0.053846
0.092308 0.061538 0.053846
0.092308 0.069231 0.053846
0.092308 0.076923 0.053846
0.092308 0.084615 0.053846
0.092308 0.092308 0.053846
0.092308 0.100000 0.053846
0.100000 0.000000 0.053846
0.100000 0.007692 0.053846
0.100000 0.015385 0.053846
0.100000 0.023077 0.053846
0.100000 0.030769 0.053846
0.100000 0.038462 0.053846
0.100000 0.046154 0.053846
0.100000 0.053846 0.053846
0.100000 0.061538 0.053846
0.100000 0.069231 0.053846
0.100000 0.076923 0.053846
0.100000 0.084615 0.053846
0.100000 0.092308 0.053846
0.100000 0.100000 0.053846
0.000000 0.000000 0.061538
0.000000 0.007692 0.061538
0.000000 0.015385 0.061538
0.000000 0.023077 0.061538
0.000000 0.030769 0.061538
0.000000 0.038462 0.061538
0.000000 0.046154 0.061538
0.000000 0.053846 0.061538
0.000000 0.061538 0.061538
0.000000 0.069231 0.061538
0.000000 0.076923 0.061538
0.000000 0.084615 0.061538
0.000000 0.092308 0.061538
0.000000 0.100000 0.061538
0.007692 0.000000 0.061538
0.007692 0.007692 0.061538
0.007692 0.015385 0.061538
0.007692 0.023077 0.061538
0.007692 0.030769 0.061538
0.007692 0.038462 0.061538
0.007692 0.046154 0.061538
0.007692 0.053846 0.061538
0.007692 0.061538 0.061538
0.007692 0.069231 0.061538
0.007692 0.076923 0.061538
0.007692 0.084615 0.061538
0.007692 0.092308 0.061538
0.007692 0.100000 0.061538
0.015385 0.000000 0.061538
0.015385 0.007692 0.061538
0.015385 0.015385 0.061538
0.015385 0.023077 0.061538
0.015385 0.030769 0.061538
0.015385 0.038462 0.061538
0.015385 0.046154 0.061538
0.015385 0.053846 0.061538
0.015385 0.061538 0.061538
0.015385 0.069231 0.061538
0.015385 0.076923 0.061538
0.015385 0.084615 0.061538
0.015385 0.092308 0.061538
0.015385 0.100000 0.061538
0.023077 0.000000 0.061538
0.023077 0.007692 0.061538
0.023077 0.015385 0.061538
0.023077 0.023077 0.061538
0.023077 0.030769 0.061538
0.023077 0.038462 0.061538
0.023077 0.046154 0.061538
0.023077 0.053846 0.061538
0.023077 0.061538 0.061538
0.023077 0.069231 0.061538
0.023077 0.076923 0.061538
0.023077 0.084615 0.061538
0.023077 0.092308 0.061538
0.023077 0.100000 0.061538
0.030769 0.000000 0.061538
0.030769 0.007692 0.061538
0.030769 0.015385 0.061538
0.030769 0.023077 0.061538
0.030769 0.030769 0.061538
0.030769 0.038462 0.061538
0.030769 0.046154 0.061538
0.030769 0.053846 0.061538
0.030769 0.061538 0.061538
0.030769 0.069231 0.061538
0.030769 0.076923 0.061538
0.030769 0.084615 0.061538
0.030769 0.092308 0.061538
0.030769 0.100000 0.061538
0.038462 0.000000 0.061538
0.038462 0.007692 0.061538
0.038462 0.015385 0.061538
0.038462 0.023077 0.061538
0.038462 0.030769 0.061538
0.038462 0.038462 0.061538
0.038462 0.046154 0.061538
0.038462 0.053846 0.061538
0.038462 0.061538 0.061538
0.038462 0.069231 0.061538
0.038462 0.076923 0.061538
0.038462 0.084615 0.061538
0.038462 0.092308 0.061538
0.038462 0.100000 0.061538
0.046154 0.000000 0.061538
0.046154 0.007692 0.061538
0.046154 0.015385 0.061538
0.046154 0.023077 0.061538
0.046154 0.030769 0.061538
0.046154 0.038462 0.061538
0.046154 0.046154 0.061538
0.046154 0.053846 0.061538
0.046154 0.061538 0.061538
0.046154 0.069231 0.061538
0.046154 0.076923 0.061538
0.046154 0.084615 0.061538
0.046154 0.092308 0.061538
0.046154 0.100000 0.061538
0.053846 0.000000 0.061538
0.053846 0.007692 0.061538
0.053846 0.015385 0.061538
0.053846 0.023077 0.061538
0.053846 0.030769 0.061538
0.053846 0.038462 0.061538
0.053846 0.046154 0.061538
0.053846 0.053846 0.061538
0.053846 0.061538 0.061538
0.053846 0.069231 0.061538
0.053846 0.076923 0.061538
0.053846 0.084615 0.061538
0.053846 0.092308 0.061538
0.053846 0.100000 0.061538
0.061538 0.000000 0.061538
0.061538 0.007692 0.061538
0.061538 0.015385 0.061538
0.061538 0.023077 0.061538
0.061538 0.030769 0.061538
0.061538 0.038462 0.061538
0.061538 0.046154 0.061538
0.061538 0.053846 0.061538
0.061538 0.061538 0.061538
0.061538 0.069231 0.061538
0.061538 0.076923 0.061538
0.061538 0.084615 0.061538
0.061538 0.092308 0.061538
0.061538 0.100000 0.061538
0.069231 0.000000 0.061538
0.069231 0.007692 0.061538
0.069231 0.015385 0.061538
0.069231 0.023077 0.061538
0.069231 0.030769 0.061538
0.069231 0.038462 0.061538
0.069231 0.046154 0.061538
0.069231 0.053846 0.061538
0.069231 0.061538 0.061538
0.069231 0.069231 0.061538
0.069231 0.076923 0.061538
0.069231 0.084615 0.061538
0.069231 0.092308 0.061538
0.069231 0.100000 0.061538
0.076923 0.000000 0.061538
0.076923 0.007692 0.061538
0.076923 0.015385 0.061538
0.076923 0.023077 0.061538
0.076923 0.030769 0.061538
0.076923 0.038462 0.061538
0.076923 0.046154 0.061538
0.076923 0.053846 0.061538
0.076923 0.061538 0.061538
0.076923 0.069231 0.061538
0.076923 0.076923 0.061538
0.076923 0.084615 0.061538
0.076923 0.092308 0.061538
0.076923 0.100000 0.061538
0.084615 0.000000 0.061538
0.084615 0.007692 0.061538
0.084615 0.015385 0.061538
0.084615 0.023077 0.061538
0.084615 0.030769 0.061538
0.084615 0.038462 0.061538
0.084615 0.046154 0.061538
0.084615 0.053846 0.061538
0.084615 0.061538 0.061538
0.084615 0.069231 0.061538
0.084615 0.076923 0.061538
0.084615 0.084615 0.061538
0.084615 0.092308 0.061538
0.084615 0.100000 0.061538
0.092308 0.000000 0.061538
0.092308 0.007692 0.061538
0.092308 0.015385 0.061538
0.092308 0.023077 0.061538
0.092308 0.030769 0.061538
0.092308 0.038462 0.061538
0.092308 0.046154 0.061538
0.092308 0.053846 0.061538
0.092308 0.061538 0.061538
0.092308 0.069231 0.061538
0.092308 0.076923 0.061538
0.092308 0.084615 0.061538
0.092308 0.092308 0.061538
0.092308 0.100000 0.061538
0.100000 0.000000 0.061538
0.100000 0.007692 0.061538
0.100000 0.015385 0.061538
0.100000 0.023077 0.061538
0.100000 0.030769 0.061538
0.100000 0.038462 0.061538
0.100000 0.046154 0.061538
0.100000 0.053846 0.061538
0.100000 0.061538 0.061538
0.100000 0.069231 0.061538
0.100000 0.076923 0.061538
0.100000 0.084615 0.061538
0.100000 0.092308 0.061538
0.100000 0.100000 0.061538
0.000000 0.000000 0.069231
0.000000 0.007692 0.069231
0.000000 0.015385 0.069231
0.000000 0.023077 0.069231
0.000000 0.030769 0.069231
0.000000 0.038462 0.069231
0.000000 0.046154 0.069231
0.000000 0.053846 0.069231
0.000000 0.061538 0.069231
0.000000 0.069231 0.069231
0.000000 0.076923 0.069231
0.000000 0.084615 0.069231
0.000000 0.092308 0.069231
0.000000 0.100000 0.069231
0.007692 0.000000 0.069231
0.007692 0.007692 0.069231
0.007692 0.015385 0.069231
0.007692 0.023077 0.069231
0.007692 0.030769 0.069231
0.007692 0.038462 0.069231
0.007692 0.046154 0.069231
0.007692 0.053846 0.069231
0.007692 0.061538 0.069231
0.007692 0.069231 0.069231
0.007692 0.076923 0.069231
0.007692 0.084615 0.069231
0.007692 0.092308 0.069231
0.007692 0.100000 0.069231
0.015385 0.000000 0.069231
0.015385 0.007692 0.069231
0.015385 0.015385 0.069231
0.015385 0.023077 0.069231
0.015385 0.030769 0.069231
0.015385 0.038462 0.069231
0.015385 0.046154 0.069231
0.015385 0.053846 0.069231
0.015385 0.061538 0.069231
0.015385 0.069231 0.069231
0.015385 0.076923 0.069231
0.015385 0.084615 0.069231
0.015385 0.092308 0.069231
0.015385 0.100000 0.069231
0.023077 0.000000 0.069231
0.023077 0.007692 0.069231
0.023077 0.015385 0.069231
0.023077 0.023077 0.069231
0.023077 0.030769 0.069231
0.023077 0.038462 0.069231
0.023077 0.046154 0.069231
0.023077 0.053846 0.069231
0.023077 0.061538 0.069231
0.023077 0.069231 0.069231
0.023077 0.076923 0.069231
0.023077 0.084615 0.069231
0.023077 0.092308 0.069231
0.023077 0.100000 0.069231
0.030769 0.000000 0.069231
0.030769 0.007692 0.069231
0.030769 0.015385 0.069231
0.030769 0.023077 0.069231
0.030769 0.030769 0.069231
0.030769 0.038462 0.069231
0.030769 0.046154 0.069231
0.030769 0.053846 0.069231
0.030769 0.061538 0.069231
0.030769 0.069231 0.069231
0.030769 0.076923 0.069231
0.030769 0.084615 0.069231
0.030769 0.092308 0.069231
0.030769 0.100000 0.069231
0.038462 0.000000 0.069231
0.038462 0.007692 0.069231
0.038462 0.015385 0.069231
0.038462 0.023077 0.069231
0.038462 0.030769 0.069231
0.038462 0.038462 0.069231
0.038462 0.046154 0.069231
0.038462 0.053846 0.069231
0.038462 0.061538 0.069231
0.038462 0.069231 0.069231
0.038462 0.076923 0.069231
0.038462 0.084615 0.069231
0.038462 0.092308 0.069231
0.038462 0.100000 0.069231
0.046154 0.000000 0.069231
0.046154 0.007692 0.069231
0.046154 0.015385 0.069231
0.046154 0.023077 0.069231
0.046154 0.030769 0.069231
0.046154 0.038462 0.069231
0.046154 0.046154 0.069231
0.046154 0.053846 0.069231
0.046154 0.061538 0.069231
0.046154 0.069231 0.069231
0.046154 0.076923 0.069231
0.046154 0.084615 0.069231
0.046154 0.092308 0.069231
0.046154 0.100000 0.069231
0.053846 0.000000 0.069231
0.053846 0.007692 0.069231
0.053846 0.015385 0.069231
0.053846 0.023077 0.069231
0.053846 0.030769 0.069231
0.053846 0.038462 0.069231
0.053846 0.046154 0.069231
0.053846 0.053846 0.069231
0.053846 0.061538 0.069231
0.053846 0.069231 0.069231
0.053846 0.076923 0.069231
0.053846 0.084615 0.069231
0.053846 0.092308 0.069231
0.053846 0.100000 0.069231
0.061538 0.000000 0.069231
0.061538 0.007692 0.069231
0.061538 0.015385 0.069231
0.061538 0.023077 0.069231
0.061538 0.030769 0.069231
0.061538 0.038462 0.069231
0.061538 0.046154 0.069231
0.061538 0.053846 0.069231
0.061538 0.061538 0.069231
0.061538 0.069231 0.069231
0.061538 0.076923 0.069231
0.061538 0.084615 0.069231
0.061538 0.092308 0.069231
0.061538 0.100000 0.069231
0.069231 0.000000 0.069231
0.069231 0.007692 0.069231
0.069231 0.015385 0.069231
0.069231 0.023077 0.069231
0.069231 0.030769 0.069231
0.069231 0.038462 0.069231
0.069231 0.046154 0.069231
0.069231 0.053846 0.069231
0.069231 0.061538 0.069231
0.069231 0.069231 0.069231
0.069231 0.076923 0.069231
0.069231 0.084615 0.069231
0.069231 0.092308 0.069231
0.069231 0.100000 0.069231
0.076923 0.000000 0.069231
0.076923 0.007692 0.069231
0.076923 0.015385 0.069231
0.076923 0.023077 0.069231
0.076923 0.030769 0.069231
0.076923 0.038462 0.069231
0.076923 0.046154 0.069231
0.076923 0.053846 0.069231
0.076923 0.061538 0.069231
0.076923 0.069231 0.069231
0.076923 0.076923 0.069231
0.076923 0.084615 0.069231
0.076923 0.092308 0.069231
0.076923 0.100000 0.069231
0.084615 0.000000 0.069231
0.084615 0.007692 0.069231
0.084615 0.015385 0.069231
0.084615 0.023077 0.069231
0.084615 0.030769 0.069231
0.084615 0.038462 0.069231
0.084615 0.046154 0.069231
0.084615 0.053846 0.069231
0.084615 0.061538 0.069231
0.084615 0.069231 0.069231
0.084615 0.076923 0.069231
0.084615 0.084615 0.069231
0.084615 0.092308 0.069231
0.084615 0.100000 0.069231
0.092308 0.000000 0.069231
0.092308 0.007692 0.069231
0.092308 0.015385 0.069231
0.092308 0.023077 0.069231
0.092308 0.030769 0.069231
0.092308 0.038462 0.069231
0.092308 0.046154 0.069231
0.092308 0.053846 0.069231
0.092308 0.061538 0.069231
0.092308 0.069231 0.069231
0.092308 0.076923 0.069231
0.092308 0.084615 0.069231
0.092308 0.092308 0.069231
0.092308 0.100000 0.069231
0.100000 0.000000 0.069231
0.100000 0.007692 0.069231
0.100000 0.015385 0.069231
0.100000 0.023077 0.069231
0.100000 0.030769 0.069231
0.100000 0.038462 0.069231
0.100000 0.046154 0.069231
0.100000 0.053846 0.069231
0.100000 0.061538 0.069231
0.100000 0.069231 0.069231
0.100000 0.076923 0.069231
0.100000 0.084615 0.069231
0.100000 0.092308 0.069231
0.100000 0.100000 0.069231
0.000000 0.000000 0.076923
0.000000 0.007692 0.076923
0.000000 0.015385 0.076923
0.000000 0.023077 0.076923
0.000000 0.030769 0.076923
0.000000 0.038462 0.076923
0.000000 0.046154 0.076923
0.000000 0.053846 0.076923
0.000000 0.061538 0.076923
0.000000 0.069231 0.076923
0.000000 0.076923 0.076923
0.000000 0.084615 0.076923
0.000000 0.092308 0.076923
0.000000 0.100000 0.076923
0.007692 0.000000 0.076923
0.007692 0.007692 0.076923
0.007692 0.015385 0.076923
0.007692 0.023077 0.076923
0.007692 0.030769 0.076923
0.007692 0.038462 0.076923
0.007692 0.046154 0.076923
0.007692 0.053846 0.076923
0.007692 0.061538 0.076923
0.007692 0.069231 0.076923
0.007692 0.076923 0.076923
0.007692 0.084615 0.076923
0.007692 0.092308 0.076923
0.007692 0.100000 0.076923
0.015385 0.000000 0.076923
0.015385 0.007692 0.076923
0.015385 0.015385 0.076923
0.015385 0.023077 0.076923
0.015385 0.030769 0.076923
0.015385 0.038462 0.076923
0.015385 0.046154 0.076923
0.015385 0.053846 0.076923
0.015385 0.061538 0.076923
0.015385 0.069231 0.076923
0.015385 0.076923 0.076923
0.015385 0.084615 0.076923
0.015385 0.092308 0.076923
0.015385 0.100000 0.076923
0.023077 0.000000 0.076923
0.023077 0.007692 0.076923
0.023077 0.015385 0.076923
0.023077 0.023077 0.076923
0.023077 0.030769 0.076923
0.023077 0.038462 0.076923
0.023077 0.046154 0.076923
0.023077 0.053846 0.076923
0.023077 0.061538 0.076923
0.023077 0.069231 0.076923
0.023077 0.076923 0.076923
0.023077 0.084615 0.076923
0.023077 0.092308 0.076923
0.023077 0.100000 0.076923
0.030769 0.000000 0.076923
0.030769 0.007692 0.076923
0.030769 0.015385 0.076923
0.030769 0.023077 0.076923
0.030769 0.030769 0.076923
0.030769 0.038462 0.076923
0.030769 0.046154 0.076923
0.030769 0.053846 0.076923
0.030769 0.061538 0.076923
0.030769 0.069231 0.076923
0.030769 0.076923 0.076923
0.030769 0.084615 0.076923
0.030769 0.092308 0.076923
0.030769 0.100000 0.076923
0.038462 0.000000 0.076923
0.038462 0.007692 0.076923
0.038462 0.015385 0.076923
0.038462 0.023077 0.076923
0.038462 0.030769 0.076923
0.038462 0.038462 0.076923
0.038462 0.046154 0.076923
0.038462 0.053846 0.076923
0.038462 0.061538 0.076923
0.038462 0.069231 0.076923
0.038462 0.076923 0.076923
0.038462 0.084615 0.076923
0.038462 0.092308 0.076923
0.038462 0.100000 0.076923
0.046154 0.000000 0.076923
0.046154 0.007692 0.076923
0.046154 0.015385 0.076923
0.046154 0.023077 0.076923
0.046154 0.030769 0.076923
0.046154 0.038462 0.076923
0.046154 0.046154 0.076923
0.046154 0.053846 0.076923
0.046154 0.061538 0.076923
0.046154 0.069231 0.076923
0.046154 0.076923 0.076923
0.046154 0.084615 0.076923
0.046154 0.092308 0.076923
0.046154 0.100000 0.076923
0.053846 0.000000 0.076923
0.053846 0.007692 0.076923
0.053846 0.015385 0.076923
0.053846 0.023077 0.076923
0.053846 0.030769 0.076923
0.053846 0.038462 0.076923
0.053846 0.046154 0.076923
0.053846 0.053846 0.076923
0.053846 0.061538 0.076923
0.053846 0.069231 0.076923
0.053846 0.076923 0.076923
0.053846 0.084615 0.076923
0.053846 0.092308 0.076923
0.053846 0.100000 0.076923
0.061538 0.000000 0.076923
0.061538 0.007692 0.076923
0.061538 0.015385 0.076923
0.061538 0.023077 0.076923
0.061538 0.030769 0.076923
0.061538 0.038462 0.076923
0.061538 0.046154 0.076923
0.061538 0.053846 0.076923
0.061538 0.061538 0.076923
0.061538 0.069231 0.076923
0.061538 0.076923 0.076923
0.061538 0.084615 0.076923
0.061538 0.092308 0.076923
0.061538 0.100000 0.076923
0.069231 0.000000 0.076923
0.069231 0.007692 0.076923
0.069231 0.015385 0.076923
0.069231 0.023077 0.076923
0.069231 0.030769 0.076923
0.069231 0.038462 0.076923
0.069231 0.046154 0.076923
0.069231 0.053846 0.076923
0.069231 0.061538 0.076923
0.069231 0.069231 0.076923
0.069231 0.076923 0.076923
0.069231 0.084615 0.076923
0.069231 0.092308 0.076923
0.069231 0.100000 0.076923
0.076923 0.000000 0.076923
0.076923 0.007692 0.076923
0.076923 0.015385 0.076923
0.076923 0.023077 0.076923
0.076923 0.030769 0.076923
0.076923 0.038462 0.076923
0.076923 0.046154 0.076923
0.076923 0.053846 0.076923
0.076923 0.061538 0.076923
0.076923 0.069231 0.076923
0.076923 0.076923 0.076923
0.076923 0.084615 0.076923
0.076923 0.092308 0.076923
0.076923 0.100000 0.076923
0.084615 0.000000 0.076923
0.084615 0.007692 0.076923
0.084615 0.015385 0.076923
0.084615 0.023077 0.076923
0.084615 0.030769 0.076923
0.084615 0.038462 0.076923
0.084615 0.046154 0.076923
0.084615 0.053846 0.076923
0.084615 0.061538 0.076923
0.084615 0.069231 0.076923
0.084615 0.076923 0.076923
0.084615 0.084615 0.076923
0.084615 0.092308 0.076923
0.084615 0.100000 0.076923
0.092308 0.000000 0.076923
0.092308 0.007692 0.076923
0.092308 0.015385 0.076923
0.092308 0.023077 0.076923
0.092308 0.030769 0.076923
0.092308 0.038462 0.076923
0.092308 0.046154 0.076923
0.092308 0.053846 0.076923
0.092308 0.061538 0.076923
0.092308 0.069231 0.076923
0.092308 0.076923 0.076923
0.092308 0.084615 0.076923
0.092308 0.092308 0.076923
0.092308 0.100000 0.076923
0.100000 0.000000 0.076923
0.100000 0.007692 0.076923
0.100000 0.015385 0.076923
0.100000 0.023077 0.076923
0.100000 0.030769 0.076923
0.100000 0.038462 0.076923
0.100000 0.046154 0.076923
0.100000 0.053846 0.076923
0.100000 0.061538 0.076923
0.100000 0.069231 0.076923
0.100000 0.076923 0.076923
0.100000 0.084615 0.076923
0.100000 0.092308 0.076923
0.100000 0.100000 0.076923
0.000000 0.000000 0.084615
0.000000 0.007692 0.084615
0.000000 0.015385 0.084615
0.000000 0.023077 0.084615
0.000000 0.030769 0.084615
0.000000 0.038462 0.084615
0.000000 0.046154 0.084615
0.000000 0.053846 0.084615
0.000000 0.061538 0.084615
0.000000 0.069231 0.084615
0.000000 0.076923 0.084615
0.000000 0.084615 0.084615
0.000000 0.092308 0.084615
0.000000 0.100000 0.084615
0.007692 0.000000 0.084615
0.007692 0.007692 0.084615
0.007692 0.015385 0.084615
0.007692 0.023077 0.084615
0.007692 0.030769 0.084615
0.007692 0.038462 0.084615
0.007692 0.046154 0.084615
0.007692 0.053846 0.084615
0.007692 0.061538 0.084615
0.007692 0.069231 0.084615
0.007692 0.076923 0.084615
0.007692 0.084615 0.084615
0.007692 0.092308 0.084615
0.007692 0.100000 0.084615
0.015385 0.000000 0.084615
0.015385 0.007692 0.084615
0.015385 0.015385 0.084615
0.015385 0.023077 0.084615
0.015385 0.030769 0.084615
0.015385 0.038462 0.084615
0.015385 0.046154 0.084615
0.015385 0.053846 0.084615
0.015385 0.061538 0.084615
0.015385 0.069231 0.084615
0.015385 0.076923 0.084615
0.015385 0.084615 0.084615
0.015385 0.092308 0.084615
0.015385 0.100000 0.084615
0.023077 0.000000 0.084615
0.023077 0.007692 0.084615
0.023077 0.015385 0.084615
0.023077 0.023077 0.084615
0.023077 0.030769 0.084615
0.023077 0.038462 0.084615
0.023077 0.046154 0.084615
0.023077 0.053846 0.084615
0.023077 0.061538 0.084615
0.023077 0.069231 0.084615
0.023077 0.076923 0.084615
0.023077 0.084615 0.084615
0.023077 0.092308 0.084615
0.023077 0.100000 0.084615
0.030769 0.000000 0.084615
0.030769 0.007692 0.084615
0.030769 0.015385 0.084615
0.030769 0.023077 0.084615
0.030769 0.030769 0.084615
0.030769 0.038462 0.084615
0.030769 0.046154 0.084615
0.030769 0.053846 0.084615
0.030769 0.061538 0.084615
0.030769 0.069231 0.084615
0.030769 0.076923 0.084615
0.030769 0.084615 0.084615
0.030769 0.092308 0.084615
0.030769 0.100000 0.084615
0.038462 0.000000 0.084615
0.038462 0.007692 0.084615
0.038462 0.015385 0.084615
0.038462 0.023077 0.084615
0.038462 0.030769 0.084615
0.038462 0.038462 0.084615
0.038462 0.046154 0.084615
0.038462 0.053846 0.084615
0.038462 0.061538 0.084615
0.038462 0.069231 0.084615
0.038462 0.076923 0.084615
0.038462 0.084615 0.084615
0.038462 0.092308 0.084615
0.038462 0.100000 0.084615
0.046154 0.000000 0.084615
0.046154 0.007692 0.084615
0.046154 0.015385 0.084615
0.046154 0.023077 0.084615
0.046154 0.030769 0.084615
0.046154 0.038462 0.084615
0.046154 0.046154 0.084615
0.046154 0.053846 0.084615
0.046154 0.061538 0.084615
0.046154 0.069231 0.084615
0.046154 0.076923 0.084615
0.046154 0.084615 0.084615
0.046154 0.092308 0.084615
0.046154 0.100000 0.084615
0.053846 0.000000 0.084615
0.053846 0.007692 0.084615
0.053846 0.015385 0.084615
0.053846 0.023077 0.084615
0.053846 0.030769 0.084615
0.053846 0.038462 0.084615
0.053846 0.046154 0.084615
0.053846 0.053846 0.084615
0.053846 0.061538 0.084615
0.053846 0.069231 0.084615
0.053846 0.076923 0.084615
0.053846 0.084615 0.084615
0.053846 0.092308 0.084615
0.053846 0.100000 0.084615
0.061538 0.000000 0.084615
0.061538 0.007692 0.084615
0.061538 0.015385 0.084615
0.061538 0.023077 0.084615
0.061538 0.030769 0.084615
0.061538 0.038462 0.084615
0.061538 0.046154 0.084615
0.061538 0.053846 0.084615
0.061538 0.061538 0.084615
0.061538 0.069231 0.084615
0.061538 0.076923 0.084615
0.061538 0.084615 0.084615
0.061538 0.092308 0.084615
0.061538 0.100000 0.084615
0.069231 0.000000 0.084615
0.069231 0.007692 0.084615
0.069231 0.015385 0.084615
0.069231 0.023077 0.084615
0.069231 0.030769 0.084615
0.069231 0.038462 0.084615
0.069231 0.046154 0.084615
0.069231 0.053846 0.084615
0.069231 0.061538 0.084615
0.069231 0.069231 0.084615
0.069231 0.076923 0.084615
0.069231 0.084615 0.084615
0.069231 0.092308 0.084615
0.069231 0.100000 0.084615
0.076923 0.000000 0.084615
0.076923 0.007692 0.084615
0.076923 0.015385 0.084615
0.076923 0.023077 0.084615
0.076923 0.030769 0.084615
0.076923 0.038462 0.084615
0.076923 0.046154 0.084615
0.076923 0.053846 0.084615
0.076923 0.061538 0.084615
0.076923 0.069231 0.084615
0.076923 0.076923 0.084615
0.076923 0.084615 0.084615
0.076923 0.092308 0.084615
0.076923 0.100000 0.084615
0.084615 0.000000 0.084615
0.084615 0.007692 0.084615
0.084615 0.015385 0.084615
0.084615 0.023077 0.084615
0.084615 0.030769 0.084615
0.084615 0.038462 0.084615
0.084615 0.046154 0.084615
0.084615 0.053846 0.084615
0.084615 0.061538 0.084615
0.084615 0.069231 0.084615
0.084615 0.076923 0.084615
0.084615 0.084615 0.084615
0.084615 0.092308 0.084615
0.084615 0.100000 0.084615
0.092308 0.000000 0.084615
0.092308 0.007692 0.084615
0.092308 0.015385 0.084615
0.092308 0.023077 0.084615
0.092308 0.030769 0.084615
0.092308 0.038462 0.084615
0.092308 0.046154 0.084615
0.092308 0.053846 0.084615
0.092308 0.061538 0.084615
0.092308 0.069231 0.084615
0.092308 0.076923 0.084615
0.092308 0.084615 0.084615
0.092308 0.092308 0.084615
0.092308 0.100000 0.084615
0.100000 0.000000 0.084615
0.100000 0.007692 0.084615
0.100000 0.015385 0.084615
0.100000 0.023077 0.084615
0.100000 0.030769 0.084615
0.100000 0.038462 0.084615
0.100000 0.046154 0.084615
0.100000 0.053846 0.084615
0.100000 0.061538 0.084615
0.100000 0.069231 0.084615
0.100000 0.076923 0.084615
0.100000 0.084615 0.084615
0.100000 0.092308 0.084615
0.100000 0.100000 0.084615
0.000000 0.000000 0.092308
0.000000 0.007692 0.092308
0.000000 0.015385 0.092308
0.000000 0.023077 0.092308
0.000000 0.030769 0.092308
0.000000 0.038462 0.092308
0.000000 0.046154 0.092308
0.000000 0.053846 0.092308
0.000000 0.061538 0.092308
0.000000 0.069231 0.092308
0.000000 0.076923 0.092308
0.000000 0.084615 0.092308
0.000000 0.092308 0.092308
0.000000 0.100000 0.092308
0.007692 0.000000 0.092308
0.007692 0.007692 0.092308
0.007692 0.015385 0.092308
0.007692 0.023077 0.092308
0.007692 0.030769 0.092308
0.007692 0.038462 0.092308
0.007692 0.046154 0.092308
0.007692 0.053846 0.092308
0.007692 0.061538 0.092308
0.007692 0.069231 0.092308
0.007692 0.076923 0.092308
0.007692 0.084615 0.092308
0.007692 0.092308 0.092308
0.007692 0.100000 0.092308
0.015385 0.000000 0.092308
0.015385 0.007692 0.092308
0.015385 0.015385 0.092308
0.015385 0.023077 0.092308
0.015385 0.030769 0.092308
0.015385 0.038462 0.092308
0.015385 0.046154 0.092308
0.015385 0.053846 0.092308
0.015385 0.061538 0.092308
0.015385 0.069231 0.092308
0.015385 0.076923 0.092308
0.015385 0.084615 0.092308
0.015385 0.092308 0.092308
0.015385 0.100000 0.092308
0.023077 0.000000 0.092308
0.023077 0.007692 0.092308
0.023077 0.015385 0.092308
0.023077 0.023077 0.092308
0.023077 0.030769 0.092308
0.023077 0.038462 0.092308
0.023077 0.046154 0.092308
0.023077 0.053846 0.092308
0.023077 0.061538 0.092308
0.023077 0.069231 0.092308
0.023077 0.076923 0.092308
0.023077 0.084615 0.092308
0.023077 0.092308 0.092308
0.023077 0.100000 0.092308
0.030769 0.000000 0.092308
0.030769 0.007692 0.092308
0.030769 0.015385 0.092308
0.030769 0.023077 0.092308
0.030769 0.030769 0.092308
0.030769 0.038462 0.092308
0.030769 0.046154 0.092308
0.030769 0.053846 0.092308
0.030769 0.061538 0.092308
0.030769 0.069231 0.092308
0.030769 0.076923 0.092308
0.030769 0.084615 0.092308
0.030769 0.092308 0.092308
0.030769 0.100000 0.092308
0.038462 0.000000 0.092308
0.038462 0.007692 0.092308
0.038462 0.015385 0.092308
0.038462 0.023077 0.092308
0.038462 0.030769 0.092308
0.038462 0.038462 0.092308
0.038462 0.046154 0.092308
0.038462 0.053846 0.092308
0.038462 0.061538 0.092308
0.038462 0.069231 0.092308
0.038462 0.076923 0.092308
0.038462 0.084615 0.092308
0.038462 0.092308 0.092308
0.038462 0.100000 0.092308
0.046154 0.000000 0.092308
0.046154 0.007692 0.092308
0.046154 0.015385 0.092308
0.046154 0.023077 0.092308
0.046154 0.030769 0.092308
0.046154 0.038462 0.092308
0.046154 0.046154 0.092308
0.046154 0.053846 0.092308
0.046154 0.061538 0.092308
0.046154 0.069231 0.092308
0.046154 0.076923 0.092308
0.046154 0.084615 0.092308
0.046154 0.092308 0.092308
0.046154 0.100000 0.092308
0.053846 0.000000 0.092308
0.053846 0.007692 0.092308
0.053846 0.015385 0.092308
0.053846 0.023077 0.092308
0.053846 0.030769 0.092308
0.053846 0.038462 0.092308
0.053846 0.046154 0.092308
0.053846 0.053846 0.092308
0.053846 0.061538 0.092308
0.053846 0.069231 0.092308
0.053846 0.076923 0.092308
0.053846 0.084615 0.092308
0.053846 0.092308 0.092308
0.053846 0.100000 0.092308
0.061538 0.000000 0.092308
0.061538 0.007692 0.092308
0.061538 0.015385 0.092308
0.061538 0.023077 0.092308
0.061538 0.030769 0.092308
0.061538 0.038462 0.092308
0.061538 0.046154 0.092308
0.061538 0.053846 0.092308
0.061538 0.061538 0.092308
0.061538 0.069231 0.092308
0.061538 0.076923 0.092308
0.061538 0.084615 0.092308
0.061538 0.092308 0.092308
0.061538 0.100000 0.092308
0.069231 0.000000 0.092308
0.069231 0.007692 0.092308
0.069231 0.015385 0.092308
0.069231 0.023077 0.092308
0.069231 0.030769 0.092308
0.069231 0.038462 0.092308
0.069231 0.046154 0.092308
0.069231 0.053846 0.092308
0.069231 0.061538 0.092308
0.069231 0.069231 0.092308
0.069231 0.076923 0.092308
0.069231 0.084615 0.092308
0.069231 0.092308 0.092308
0.069231 0.100000 0.092308
0.076923 0.000000 0.092308
0.076923 0.007692 0.092308
0.076923 0.015385 0.092308
0.076923 0.023077 0.092308
0.076923 0.030769 0.092308
0.076923 0.038462 0.092308
0.076923 0.046154 0.092308
0.076923 0.053846 0.092308
0.076923 0.061538 0.092308
0.076923 0.069231 0.092308
0.076923 0.076923 0.092308
0.076923 0.084615 0.092308
0.076923 0.092308 0.092308
0.076923 0.100000 0.092308
0.084615 0.000000 0.092308
0.084615 0.007692 0.092308
0.084615 0.015385 0.092308
0.084615 0.023077 0.092308
0.084615 0.030769 0.092308
0.084615 0.038462 0.092308
0.084615 0.046154 0.092308
0.084615 0.053846 0.092308
0.084615 0.061538 0.092308
0.084615 0.069231 0.092308
0.084615 0.076923 0.092308
0.084615 0.084615 0.092308
0.084615 0.092308 0.092308
0.084615 0.100000 0.092308
0.092308 0.000000 0.092308
0.092308 0.007692 0.092308
0.092308 0.015385 0.092308
0.092308 0.023077 0.092308
0.092308 0.030769 0.092308
0.092308 0.038462 0.092308
0.092308 0.046154 0.092308
0.092308 0.053846 0.092308
0.092308 0.061538 0.092308
0.092308 0.069231 0.092308
0.092308 0.076923 0.092308
0.092308 0.084615 0.092308
0.092308 0.092308 0.092308
0.092308 0.100000 0.092308
0.100000 0.000000 0.092308
0.100000 0.007692 0.092308
0.100000 0.015385 0.092308
0.100000 0.023077 0.092308
0.100000 0.030769 0.092308
0.100000 0.038462 0.092308
0.100000 0.046154 0.092308
0.100000 0.053846 0.092308
0.100000 0.061538 0.092308
0.100000 0.069231 0.092308
0.100000 0.076923 0.092308
0.100000 0.084615 0.092308
0.100000 0.092308 0.092308
0.100000 0.100000 0.092308
0.000000 0.000000 0.100000
0.000000 0.007692 0.100000
0.000000 0.015385 0.100000
0.000000 0.023077 0.100000
0.000000 0.030769 0.100000
0.000000 0.038462 0.100000
0.000000 0.046154 0.100000
0.000000 0.053846 0.100000
0.000000 0.061538 0.100000
0.000000 0.069231 0.100000
0.000000 0.076923 0.100000
0.000000 0.084615 0.100000
0.000000 0.092308 0.100000
0.000000 0.100000 0.100000
0.007692 0.000000 0.100000
0.007692 0.007692 0.100000
0.007692 0.015385 0.100000
0.007692 0.023077 0.100000
0.007692 0.030769 0.100000
0.007692 0.038462 0.100000
0.007692 0.046154 0.100000
0.007692 0.053846 0.100000
0.007692 0.061538 0.100000
0.007692 0.069231 0.100000
0.007692 0.076923 0.100000
0.007692 0.084615 0.100000
0.007692 0.092308 0.100000
0.007692 0.100000 0.100000
0.015385 0.000000 0.100000
0.015385 0.007692 0.100000
0.015385 0.015385 0.100000
0.015385 0.023077 0.100000
0.015385 0.030769 0.100000
0.015385 0.038462 0.100000
0.015385 0.046154 0.100000
0.015385 0.053846 0.100000
0.015385 0.061538 0.100000
0.015385 0.069231 0.100000
0.015385 0.076923 0.100000
0.015385 0.084615 0.100000
0.015385 0.092308 0.100000
0.015385 0.100000 0.100000
0.023077 0.000000 0.100000
0.023077 0.007692 0.100000
0.023077 0.015385 0.100000
0.023077 0.023077 0.100000
0.023077 0.030769 0.100000
0.023077 0.038462 0.100000
0.023077 0.046154 0.100000
0.023077 0.053846 0.100000
0.023077 0.061538 0.100000
0.023077 0.069231 0.100000
0.023077 0.076923 0.100000
0.023077 0.084615 0.100000
0.023077 0.092308 0.100000
0.023077 0.100000 0.100000
0.030769 0.000000 0.100000
0.030769 0.007692 0.100000
0.030769 0.015385 0.100000
0.030769 0.023077 0.100000
0.030769 0.030769 0.100000
0.030769 0.038462 0.100000
0.030769 0.046154 0.100000
0.030769 0.053846 0.100000
0.030769 0.061538 0.100000
0.030769 0.069231 0.100000
0.030769 0.076923 0.100000
0.030769 0.084615 0.100000
0.030769 0.092308 0.100000
0.030769 0.100000 0.100000
0.038462 0.000000 0.100000
0.038462 0.007692 0.100000
0.038462 0.015385 0.100000
0.038462 0.023077 0.100000
0.038462 0.030769 0.100000
0.038462 0.038462 0.100000
0.038462 0.046154 0.100000
0.038462 0.053846 0.100000
0.038462 0.061538 0.100000
0.038462 0.069231 0.100000
0.038462 0.076923 0.100000
0.038462 0.084615 0.100000
0.038462 0.092308 0.100000
0.038462 0.100000 0.100000
0.046154 0.000000 0.100000
0.046154 0.007692 0.100000
0.046154 0.015385 0.100000
0.046154 0.023077 0.100000
0.046154 0.030769 0.100000
0.046154 0.038462 0.100000
0.046154 0.046154 0.100000
0.046154 0.053846 0.100000
0.046154 0.061538 0.100000
0.046154 0.069231 0.100000
0.046154 0.076923 0.100000
0.046154 0.084615 0.100000
0.046154 0.092308 0.100000
0.046154 0.100000 0.100000
0.053846 0.000000 0.100000
0.053846 0.007692 0.100000
0.053846 0.015385 0.100000
0.053846 0.023077 0.100000
0.053846 0.030769 0.100000
0.053846 0.038462 0.100000
0.053846 0.046154 0.100000
0.053846 0.053846 0.100000
0.053846 0.061538 0.100000
0.053846 0.069231 0.100000
0.053846 0.076923 0.100000
0.053846 0.084615 0.100000
0.053846 0.092308 0.100000
0.053846 0.100000 0.100000
0.061538 0.000000 0.100000
0.061538 0.007692 0.100000
0.061538 0.015385 0.100000
0.061538 0.023077 0.100000
0.061538 0.030769 0.100000
0.061538 0.038462 0.100000
0.061538 0.046154 0.100000
0.061538 0.053846 0.100000
0.061538 0.061538 0.100000
0.061538 0.069231 0.100000
0.061538 0.076923 0.100000
0.061538 0.084615 0.100000
0.061538 0.092308 0.100000
0.061538 0.100000 0.100000
0.069231 0.000000 0.100000
0.069231 0.007692 0.100000
0.069231 0.015385 0.100000
0.069231 0.023077 0.100000
0.069231 0.030769 0.100000
0.069231 0.038462 0.100000
0.069231 0.046154 0.100000
0.069231 0.053846 0.100000
0.069231 0.061538 0.100000
0.069231 0.069231 0.100000
0.069231 0.076923 0.100000
0.069231 0.084615 0.100000
0.069231 0.092308 0.100000
0.069231 0.100000 0.100000
0.076923 0.000000 0.100000
0.076923 0.007692 0.100000
0.076923 0.015385 0.100000
0.076923 0.023077 0.100000
0.076923 0.030769 0.100000
0.076923 0.038462 0.100000
0.076923 0.046154 0.100000
0.076923 0.053846 0.100000
0.076923 0.061538 0.100000
0.076923 0.069231 0.100000
0.076923 0.076923 0.100000
0.076923 0.084615 0.100000
0.076923 0.092308 0.100000
0.076923 0.100000 0.100000
0.084615 0.000000 0.100000
0.084615 0.007692 0.100000
0.084615 0.015385 0.100000
0.084615 0.023077 0.100000
0.084615 0.030769 0.100000
0.084615 0.038462 0.100000
0.084615 0.046154 0.100000
0.084615 0.053846 0.100000
0.084615 0.061538 0.100000
0.084615 0.069231 0.100000
0.084615 0.076923 0.100000
0.084615 0.084615 0.100000
0.084615 0.092308 0.100000
0.084615 0.100000 0.100000
0.092308 0.000000 0.100000
0.092308 0.007692 0.100000
0.092308 0.015385 0.100000
0.092308 0.023077 0.100000
0.092308 0.030769 0.100000
0.092308 0.038462 0.100000
0.092308 0.046154 0.100000
0.092308 0.053846 0.100000
0.092308 0.061538 0.100000
0.092308 0.069231 0.100000
0.092308 0.076923 0.100000
0.092308 0.084615 0.100000
0.092308 0.092308 0.100000
0.092308 0.100000 0.100000
0.100000 0.000000 0.100000
0.100000 0.007692 0.100000
0.100000 0.015385 0.100000
0.100000 0.023077 0.100000
0.100000 0.030769 0.100000
0.100000 0.038462 0.100000
0.100000 0.046154 0.100000
0.100000 0.053846 0.100000
0.100000 0.061538 0.100000
0.100000 0.069231 0.100000
0.100000 0.076923 0.100000
0.100000 0.084615 0.100000
0.100000 0.092308 0.100000
0.100000 0.100000 0.100000
