512
0.000000 0.000000 0.000000
0.000000 0.014286 0.000000
0.000000 0.028571 0.000000
0.000000 0.042857 0.000000
0.000000 0.057143 0.000000
0.000000 0.071429 0.000000
0.000000 0.085714 0.000000
0.000000 0.100000 0.000000
0.014286 0.000000 0.000000
0.014286 0.014286 0.000000
0.014286 0.028571 0.000000
0.014286 0.042857 0.000000
0.014286 0.057143 0.000000
0.014286 0.071429 0.000000
0.014286 0.085714 0.000000
0.014286 0.100000 0.000000
0.028571 0.000000 0.000000
0.028571 0.014286 0.000000
0.028571 0.028571 0.000000
0.028571 0.042857 0.000000
0.028571 0.057143 0.000000
0.028571 0.071429 0.000000
0.028571 0.085714 0.000000
0.028571 0.100000 0.000000
0.042857 0.000000 0.000000
0.042857 0.014286 0.000000
0.042857 0.028571 0.000000
0.042857 0.042857 0.000000
0.042857 0.057143 0.000000
0.042857 0.071429 0.000000
0.042857 0.085714 0.000000
0.042857 0.100000 0.000000
0.057143 0.000000 0.000000
0.057143 0.014286 0.000000
0.057143 0.028571 0.000000
0.057143 0.042857 0.000000
0.057143 0.057143 0.000000
0.057143 0.071429 0.000000
0.057143 0.085714 0.000000
0.057143 0.100000 0.000000
0.071429 0.000000 0.000000
0.071429 0.014286 0.000000
0.071429 0.028571 0.000000
0.071429 0.042857 0.000000
0.071429 0.057143 0.000000
0.071429 0.071429 0.000000
0.071429 0.085714 0.000000
0.071429 0.100000 0.000000
0.085714 0.000000 0.000000
0.085714 0.014286 0.000000
0.085714 0.028571 0.000000
0.085714 0.042857 0.000000
0.085714 0.057143 0.000000
0.085714 0.071429 0.000000
0.085714 0.085714 0.000000
0.085714 0.100000 0.000000
0.100000 0.000000 0.000000
0.100000 0.014286 0.000000
0.100000 0.028571 0.000000
0.100000 0.042857 0.000000
0.100000 0.057143 0.000000
0.100000 0.071429 0.000000
0.100000 0.085714 0.000000
0.100000 0.100000 0.000000
0.000000 0.000000 0.014286
0.000000 0.014286 0.014286
0.000000 0.028571 0.014286
0.000000 0.042857 0.014286
0.000000 0.057143 0.014286
0.000000 0.071429 0.014286
0.000000 0.085714 0.014286
0.000000 0.100000 0.014286
0.014286 0.000000 0.014286
0.014286 0.014286 0.014286
0.014286 0.028571 0.014286
0.014286 0.042857 0.014286
0.014286 0.057143 0.014286
0.014286 0.071429 0.014286
0.014286 0.085714 0.014286
0.014286 0.100000 0.014286
0.028571 0.000000 0.014286
0.028571 0.014286 0.014286
0.028571 0.028571 0.014286
0.028571 0.042857 0.014286
0.028571 0.057143 0.014286
0.028571 0.071429 0.014286
0.028571 0.085714 0.014286
0.028571 0.100000 0.014286
0.042857 0.000000 0.014286
0.042857 0.014286 0.014286
0.042857 0.028571 0.014286
0.042857 0.042857 0.014286
0.042857 0.057143 0.014286
0.042857 0.071429 0.014286
0.042857 0.085714 0.014286
0.042857 0.100000 0.014286
0.057143 0.000000 0.014286
0.057143 0.014286 0.014286
0.057143 0.028571 0.014286
0.057143 0.042857 0.014286
0.057143 0.057143 0.014286
0.057143 0.071429 0.014286
0.057143 0.085714 0.014286
0.057143 0.100000 0.014286
0.071429 0.000000 0.014286
0.071429 0.014286 0.014286
0.071429 0.028571 0.014286
0.071429 0.042857 0.014286
0.071429 0.057143 0.014286
0.071429 0.071429 0.014286
0.071429 0.085714 0.014286
0.071429 0.100000 0.014286
0.085714 0.000000 0.014286
0.085714 0.014286 0.014286
0.085714 0.028571 0.014286
0.085714 0.042857 0.014286
0.085714 0.057143 0.014286
0.085714 0.071429 0.014286
0.085714 0.085714 0.014286
0.085714 0.100000 0.014286
0.100000 0.000000 0.014286
0.100000 0.014286 0.014286
0.100000 0.028571 0.014286
0.100000 0.042857 0.014286
0.100000 0.057143 0.014286
0.100000 0.071429 0.014286
0.100000 0.085714 0.014286
0.100000 0.100000 0.014286
0.000000 0.000000 0.028571
0.000000 0.014286 0.028571
0.000000 0.028571 0.028571
0.000000 0.042857 0.028571
0.000000 0.057143 0.028571
0.000000 0.071429 0.028571
0.000000 0.085714 0.028571
0.000000 0.100000 0.028571
0.014286 0.000000 0.028571
0.014286 0.014286 0.028571
0.014286 0.028571 0.028571
0.014286 0.042857 0.028571
0.014286 0.057143 0.028571
0.014286 0.071429 0.028571
0.014286 0.085714 0.028571
0.014286 0.100000 0.028571
0.028571 0.000000 0.028571
0.028571 0.014286 0.028571
0.028571 0.028571 0.028571
0.028571 0.042857 0.028571
0.028571 0.057143 0.028571
0.028571 0.071429 0.028571
0.028571 0.085714 0.028571
0.028571 0.100000 0.028571
0.042857 0.000000 0.028571
0.042857 0.014286 0.028571
0.042857 0.028571 0.028571
0.042857 0.042857 0.028571
0.042857 0.057143 0.028571
0.042857 0.071429 0.028571
0.042857 0.085714 0.028571
0.042857 0.100000 0.028571
0.057143 0.000000 0.028571
0.057143 0.014286 0.028571
0.057143 0.028571 0.028571
0.057143 0.042857 0.028571
0.057143 0.057143 0.028571
0.057143 0.071429 0.028571
0.057143 0.085714 0.028571
0.057143 0.100000 0.028571
0.071429 0.000000 0.028571
0.071429 0.014286 0.028571
0.071429 0.028571 0.028571
0.071429 0.042857 0.028571
0.071429 0.057143 0.028571
0.071429 0.071429 0.028571
0.071429 0.085714 0.028571
0.071429 0.100000 0.028571
0.085714 0.000000 0.028571
0.085714 0.014286 0.028571
0.085714 0.028571 0.028571
0.085714 0.042857 0.028571
0.085714 0.057143 0.028571
0.085714 0.071429 0.028571
0.085714 0.085714 0.028571
0.085714 0.100000 0.028571
0.100000 0.000000 0.028571
0.100000 0.014286 0.028571
0.100000 0.028571 0.028571
0.100000 0.042857 0.028571
0.100000 0.057143 0.028571
0.100000 0.071429 0.028571
0.100000 0.085714 0.028571
0.100000 0.100000 0.028571
0.000000 0.000000 0.042857
0.000000 0.014286 0.042857
0.000000 0.028571 0.042857
0.000000 0.042857 0.042857
0.000000 0.057143 0.042857
0.000000 0.071429 0.042857
0.000000 0.085714 0.042857
0.000000 0.100000 0.042857
0.014286 0.000000 0.042857
0.014286 0.014286 0.042857
0.014286 0.028571 0.042857
0.014286 0.042857 0.042857
0.014286 0.057143 0.042857
0.014286 0.071429 0.042857
0.014286 0.085714 0.042857
0.014286 0.100000 0.042857
0.028571 0.000000 0.042857
0.028571 0.014286 0.042857
0.028571 0.028571 0.042857
0.028571 0.042857 0.042857
0.028571 0.057143 0.042857
0.028571 0.071429 0.042857
0.028571 0.085714 0.042857
0.028571 0.100000 0.042857
0.042857 0.000000 0.042857
0.042857 0.014286 0.042857
0.042857 0.028571 0.042857
0.042857 0.042857 0.042857
0.042857 0.057143 0.042857
0.042857 0.071429 0.042857
0.042857 0.085714 0.042857
0.042857 0.100000 0.042857
0.057143 0.000000 0.042857
0.057143 0.014286 0.042857
0.057143 0.028571 0.042857
0.057143 0.042857 0.042857
0.057143 0.057143 0.042857
0.057143 0.071429 0.042857
0.057143 0.085714 0.042857
0.057143 0.100000 0.042857
0.071429 0.000000 0.042857
0.071429 0.014286 0.042857
0.071429 0.028571 0.042857
0.071429 0.042857 0.042857
0.071429 0.057143 0.042857
0.071429 0.071429 0.042857
0.071429 0.085714 0.042857
0.071429 0.100000 0.042857
0.085714 0.000000 0.042857
0.085714 0.014286 0.042857
0.085714 0.028571 0.042857
0.085714 0.042857 0.042857
0.085714 0.057143 0.042857
0.085714 0.071429 0.042857
0.085714 0.085714 0.042857
0.085714 0.100000 0.042857
0.100000 0.000000 0.042857
0.100000 0.014286 0.042857
0.100000 0.028571 0.042857
0.100000 0.042857 0.042857
0.100000 0.057143 0.042857
0.100000 0.071429 0.042857
0.100000 0.085714 0.042857
0.100000 0.100000 0.042857
0.000000 0.000000 0.057143
0.000000 0.014286 0.057143
0.000000 0.028571 0.057143
0.000000 0.042857 0.057143
0.000000 0.057143 0.057143
0.000000 0.071429 0.057143
0.000000 0.085714 0.057143
0.000000 0.100000 0.057143
0.014286 0.000000 0.057143
0.014286 0.014286 0.057143
0.014286 0.028571 0.057143
0.014286 0.042857 0.057143
0.014286 0.057143 0.057143
0.014286 0.071429 0.057143
0.014286 0.085714 0.057143
0.014286 0.100000 0.057143
0.028571 0.000000 0.057143
0.028571 0.014286 0.057143
0.028571 0.028571 0.057143
0.028571 0.042857 0.057143
0.028571 0.057143 0.057143
0.028571 0.071429 0.057143
0.028571 0.085714 0.057143
0.028571 0.100000 0.057143
0.042857 0.000000 0.057143
0.042857 0.014286 0.057143
0.042857 0.028571 0.057143
0.042857 0.042857 0.057143
0.042857 0.057143 0.057143
0.042857 0.071429 0.057143
0.042857 0.085714 0.057143
0.042857 0.100000 0.057143
0.057143 0.000000 0.057143
0.057143 0.014286 0.057143
0.057143 0.028571 0.057143
0.057143 0.042857 0.057143
0.057143 0.057143 0.057143
0.057143 0.071429 0.057143
0.057143 0.085714 0.057143
0.057143 0.100000 0.057143
0.071429 0.000000 0.057143
0.071429 0.014286 0.057143
0.071429 0.028571 0.057143
0.071429 0.042857 0.057143
0.071429 0.057143 0.057143
0.071429 0.071429 0.057143
0.071429 0.085714 0.057143
0.071429 0.100000 0.057143
0.085714 0.000000 0.057143
0.085714 0.014286 0.057143
0.085714 0.028571 0.057143
0.085714 0.042857 0.057143
0.085714 0.057143 0.057143
0.085714 0.071429 0.057143
0.085714 0.085714 0.057143
0.085714 0.100000 0.057143
0.100000 0.000000 0.057143
0.100000 0.014286 0.057143
0.100000 0.028571 0.057143
0.100000 0.042857 0.057143
0.100000 0.057143 0.057143
0.100000 0.071429 0.057143
0.100000 0.085714 0.057143
0.100000 0.100000 0.057143
0.000000 0.000000 0.071429
0.000000 0.014286 0.071429
0.000000 0.028571 0.071429
0.000000 0.042857 0.071429
0.000000 0.057143 0.071429
0.000000 0.071429 0.071429
0.000000 0.085714 0.071429
0.000000 0.100000 0.071429
0.014286 0.000000 0.071429
0.014286 0.014286 0.071429
0.014286 0.028571 0.071429
0.014286 0.042857 0.071429
0.014286 0.057143 0.071429
0.014286 0.071429 0.071429
0.014286 0.085714 0.071429
0.014286 0.100000 0.071429
0.028571 0.000000 0.071429
0.028571 0.014286 0.071429
0.028571 0.028571 0.071429
0.028571 0.042857 0.071429
0.028571 0.057143 0.071429
0.028571 0.071429 0.071429
0.028571 0.085714 0.071429
0.028571 0.100000 0.071429
0.042857 0.000000 0.071429
0.042857 0.014286 0.071429
0.042857 0.028571 0.071429
0.042857 0.042857 0.071429
0.042857 0.057143 0.071429
0.042857 0.071429 0.071429
0.042857 0.085714 0.071429
0.042857 0.100000 0.071429
0.057143 0.000000 0.071429
0.057143 0.014286 0.071429
0.057143 0.028571 0.071429
0.057143 0.042857 0.071429
0.057143 0.057143 0.071429
0.057143 0.071429 0.071429
0.057143 0.085714 0.071429
0.057143 0.100000 0.071429
0.071429 0.000000 0.071429
0.071429 0.014286 0.071429
0.071429 0.028571 0.071429
0.071429 0.042857 0.071429
0.071429 0.057143 0.071429
0.071429 0.071429 0.071429
0.071429 0.085714 0.071429
0.071429 0.100000 0.071429
0.085714 0.000000 0.071429
0.085714 0.014286 0.071429
0.085714 0.028571 0.071429
0.085714 0.042857 0.071429
0.085714 0.057143 0.071429
0.085714 0.071429 0.071429
0.085714 0.085714 0.071429
0.085714 0.100000 0.071429
0.100000 0.000000 0.071429
0.100000 0.014286 0.071429
0.100000 0.028571 0.071429
0.100000 0.042857 0.071429
0.100000 0.057143 0.071429
0.100000 0.071429 0.071429
0.100000 0.085714 0.071429
0.100000 0.100000 0.071429
0.000000 0.000000 0.085714
0.000000 0.014286 0.085714
0.000000 0.028571 0.085714
0.000000 0.042857 0.085714
0.000000 0.057143 0.085714
0.000000 0.071429 0.085714
0.000000 0.085714 0.085714
0.000000 0.100000 0.085714
0.014286 0.000000 0.085714
0.014286 0.014286 0.085714
0.014286 0.028571 0.085714
0.014286 0.042857 0.085714
0.014286 0.057143 0.085714
0.014286 0.071429 0.085714
0.014286 0.085714 0.085714
0.014286 0.100000 0.085714
0.028571 0.000000 0.085714
0.028571 0.014286 0.085714
0.028571 0.028571 0.085714
0.028571 0.042857 0.085714
0.028571 0.057143 0.085714
0.028571 0.071429 0.085714
0.028571 0.085714 0.085714
0.028571 0.100000 0.085714
0.042857 0.000000 0.085714
0.042857 0.014286 0.085714
0.042857 0.028571 0.085714
0.042857 0.042857 0.085714
0.042857 0.057143 0.085714
0.042857 0.071429 0.085714
0.042857 0.085714 0.085714
0.042857 0.100000 0.085714
0.057143 0.000000 0.085714
0.057143 0.014286 0.085714
0.057143 0.028571 0.085714
0.057143 0.042857 0.085714
0.057143 0.057143 0.085714
0.057143 0.071429 0.085714
0.057143 0.085714 0.085714
0.057143 0.100000 0.085714
0.071429 0.000000 0.085714
0.071429 0.014286 0.085714
0.071429 0.028571 0.085714
0.071429 0.042857 0.085714
0.071429 0.057143 0.085714
0.071429 0.071429 0.085714
0.071429 0.085714 0.085714
0.071429 0.100000 0.085714
0.085714 0.000000 0.085714
0.085714 0.014286 0.085714
0.085714 0.028571 0.085714
0.085714 0.042857 0.085714
0.085714 0.057143 0.085714
0.085714 0.071429 0.085714
0.085714 0.085714 0.085714
0.085714 0.100000 0.085714
0.100000 0.000000 0.085714
0.100000 0.014286 0.085714
0.100000 0.028571 0.085714
0.100000 0.042857 0.085714
0.100000 0.057143 0.085714
0.100000 0.071429 0.085714
0.100000 0.085714 0.085714
0.100000 0.100000 0.085714
0.000000 0.000000 0.100000
0.000000 0.014286 0.100000
0.000000 0.028571 0.100000
0.000000 0.042857 0.100000
0.000000 0.057143 0.100000
0.000000 0.071429 0.100000
0.000000 0.085714 0.100000
0.000000 0.100000 0.100000
0.014286 0.000000 0.100000
0.014286 0.014286 0.100000
0.014286 0.028571 0.100000
0.014286 0.042857 0.100000
0.014286 0.057143 0.100000
0.014286 0.071429 0.100000
0.014286 0.085714 0.100000
0.014286 0.100000 0.100000
0.028571 0.000000 0.100000
0.028571 0.014286 0.100000
0.028571 0.028571 0.100000
0.028571 0.042857 0.100000
0.028571 0.057143 0.100000
0.028571 0.071429 0.100000
0.028571 0.085714 0.100000
0.028571 0.100000 0.100000
0.042857 0.000000 0.100000
0.042857 0.014286 0.100000
0.042857 0.028571 0.100000
0.042857 0.042857 0.100000
0.042857 0.057143 0.100000
0.042857 0.071429 0.100000
0.042857 0.085714 0.100000
0.042857 0.100000 0.100000
0.057143 0.000000 0.100000
0.057143 0.014286 0.100000
0.057143 0.028571 0.100000
0.057143 0.042857 0.100000
0.057143 0.057143 0.100000
0.057143 0.071429 0.100000
0.057143 0.085714 0.100000
0.057143 0.100000 0.100000
0.071429 0.000000 0.100000
0.071429 0.014286 0.100000
0.071429 0.028571 0.100000
0.071429 0.042857 0.100000
0.071429 0.057143 0.100000
0.071429 0.071429 0.100000
0.071429 0.085714 0.100000
0.071429 0.100000 0.100000
0.085714 0.000000 0.100000
0.085714 0.014286 0.100000
0.085714 0.028571 0.100000
0.085714 0.042857 0.100000
0.085714 0.057143 0.100000
0.085714 0.071429 0.100000
0.085714 0.085714 0.100000
0.085714 0.100000 0.100000
0.100000 0.000000 0.100000
0.100000 0.014286 0.100000
0.100000 0.028571 0.100000
0.100000 0.042857 0.100000
0.100000 0.057143 0.100000
0.100000 0.071429 0.100000
0.100000 0.085714 0.100000
0.100000 0.100000 0.100000
