348 
7 
9 
11 
17 
19 
21 
22 
26 
30 
31 
33 
37 
39 
41 
42 
46 
48 
51 
52 
53 
55 
58 
59 
60 
66 
67 
69 
70 
72 
74 
79 
82 
83 
85 
89 
91 
95 
96 
98 
100 
101 
102 
107 
109 
111 
112 
116 
118 
119 
122 
123 
127 
130 
132 
134 
135 
139 
143 
145 
146 
147 
148 
152 
154 
158 
159 
160 
164 
166 
167 
169 
170 
171 
176 
179 
181 
185 
187 
189 
190 
194 
197 
198 
200 
201 
202 
203 
204 
206 
207 
211 
215 
217 
218 
224 
225 
227 
229 
230 
234 
235 
238 
241 
245 
246 
247 
248 
252 
254 
255 
260 
261 
264 
266 
269 
270 
271 
274 
275 
279 
280 
283 
285 
286 
290 
291 
293 
296 
297 
298 
306 
308 
310 
311 
314 
315 
316 
318 
319 
322 
323 
327 
333 
334 
335 
336 
340 
341 
342 
343 
345 
347 
348 
350 
354 
355 
367 
369 
370 
373 
376 
377 
378 
379 
384 
386 
387 
388 
389 
390 
394 
398 
401 
402 
404 
405 
411 
412 
414 
418 
420 
421 
423 
429 
432 
433 
434 
437 
438 
440 
443 
446 
447 
448 
452 
455 
457 
459 
460 
462 
464 
466 
468 
469 
474 
476 
477 
482 
483 
485 
487 
489 
491 
494 
495 
496 
501 
502 
504 
508 
510 
512 
514 
515 
519 
521 
523 
526 
527 
528 
529 
537 
538 
544 
547 
550 
554 
555 
564 
569 
578 
580 
582 
583 
584 
585 
588 
589 
590 
591 
592 
595 
599 
603 
605 
608 
610 
615 
616 
621 
624 
625 
628 
630 
631 
635 
636 
639 
641 
644 
646 
647 
650 
652 
656 
657 
659 
660 
662 
667 
669 
674 
675 
680 
682 
683 
684 
686 
690 
696 
697 
698 
699 
701 
702 
707 
708 
709 
711 
713 
714 
717 
722 
723 
725 
726 
727 
730 
734 
738 
739 
740 
741 
742 
746 
749 
752 
754 
755 
759 
761 
763 
764 
765 
768 
769 
771 
772 
773 
779 
782 
787 
788 
795 
797 
800 
801 
806 
809 
811 
813 
814 
815 
819 
820 
823 
824 
825 
