48  4
0 1 13 10
1 2 14 11
3 4 16 13
4 5 17 14
9 10 22 19
10 11 23 20
12 13 25 22
13 14 26 23
0 13 9 10
1 14 10 11
3 16 12 13
4 17 13 14
9 22 18 19
10 23 19 20
12 25 21 22
13 26 22 23
0 1 4 13
1 2 5 14
3 4 7 16
4 5 8 17
9 10 13 22
10 11 14 23
12 13 16 25
13 14 17 26
0 4 3 13
1 5 4 14
3 7 6 16
4 8 7 17
9 13 12 22
10 14 13 23
12 16 15 25
13 17 16 26
0 12 9 13
1 13 10 14
3 15 12 16
4 16 13 17
9 21 18 22
10 22 19 23
12 24 21 25
13 25 22 26
0 3 12 13
1 4 13 14
3 6 15 16
4 7 16 17
9 12 21 22
10 13 22 23
12 15 24 25
13 16 25 26
