750  4
0 1 43 37
1 2 44 38
2 3 45 39
3 4 46 40
4 5 47 41
6 7 49 43
7 8 50 44
8 9 51 45
9 10 52 46
10 11 53 47
12 13 55 49
13 14 56 50
14 15 57 51
15 16 58 52
16 17 59 53
18 19 61 55
19 20 62 56
20 21 63 57
21 22 64 58
22 23 65 59
24 25 67 61
25 26 68 62
26 27 69 63
27 28 70 64
28 29 71 65
36 37 79 73
37 38 80 74
38 39 81 75
39 40 82 76
40 41 83 77
42 43 85 79
43 44 86 80
44 45 87 81
45 46 88 82
46 47 89 83
48 49 91 85
49 50 92 86
50 51 93 87
51 52 94 88
52 53 95 89
54 55 97 91
55 56 98 92
56 57 99 93
57 58 100 94
58 59 101 95
60 61 103 97
61 62 104 98
62 63 105 99
63 64 106 100
64 65 107 101
72 73 115 109
73 74 116 110
74 75 117 111
75 76 118 112
76 77 119 113
78 79 121 115
79 80 122 116
80 81 123 117
81 82 124 118
82 83 125 119
84 85 127 121
85 86 128 122
86 87 129 123
87 88 130 124
88 89 131 125
90 91 133 127
91 92 134 128
92 93 135 129
93 94 136 130
94 95 137 131
96 97 139 133
97 98 140 134
98 99 141 135
99 100 142 136
100 101 143 137
108 109 151 145
109 110 152 146
110 111 153 147
111 112 154 148
112 113 155 149
114 115 157 151
115 116 158 152
116 117 159 153
117 118 160 154
118 119 161 155
120 121 163 157
121 122 164 158
122 123 165 159
123 124 166 160
124 125 167 161
126 127 169 163
127 128 170 164
128 129 171 165
129 130 172 166
130 131 173 167
132 133 175 169
133 134 176 170
134 135 177 171
135 136 178 172
136 137 179 173
144 145 187 181
145 146 188 182
146 147 189 183
147 148 190 184
148 149 191 185
150 151 193 187
151 152 194 188
152 153 195 189
153 154 196 190
154 155 197 191
156 157 199 193
157 158 200 194
158 159 201 195
159 160 202 196
160 161 203 197
162 163 205 199
163 164 206 200
164 165 207 201
165 166 208 202
166 167 209 203
168 169 211 205
169 170 212 206
170 171 213 207
171 172 214 208
172 173 215 209
0 43 36 37
1 44 37 38
2 45 38 39
3 46 39 40
4 47 40 41
6 49 42 43
7 50 43 44
8 51 44 45
9 52 45 46
10 53 46 47
12 55 48 49
13 56 49 50
14 57 50 51
15 58 51 52
16 59 52 53
18 61 54 55
19 62 55 56
20 63 56 57
21 64 57 58
22 65 58 59
24 67 60 61
25 68 61 62
26 69 62 63
27 70 63 64
28 71 64 65
36 79 72 73
37 80 73 74
38 81 74 75
39 82 75 76
40 83 76 77
42 85 78 79
43 86 79 80
44 87 80 81
45 88 81 82
46 89 82 83
48 91 84 85
49 92 85 86
50 93 86 87
51 94 87 88
52 95 88 89
54 97 90 91
55 98 91 92
56 99 92 93
57 100 93 94
58 101 94 95
60 103 96 97
61 104 97 98
62 105 98 99
63 106 99 100
64 107 100 101
72 115 108 109
73 116 109 110
74 117 110 111
75 118 111 112
76 119 112 113
78 121 114 115
79 122 115 116
80 123 116 117
81 124 117 118
82 125 118 119
84 127 120 121
85 128 121 122
86 129 122 123
87 130 123 124
88 131 124 125
90 133 126 127
91 134 127 128
92 135 128 129
93 136 129 130
94 137 130 131
96 139 132 133
97 140 133 134
98 141 134 135
99 142 135 136
100 143 136 137
108 151 144 145
109 152 145 146
110 153 146 147
111 154 147 148
112 155 148 149
114 157 150 151
115 158 151 152
116 159 152 153
117 160 153 154
118 161 154 155
120 163 156 157
121 164 157 158
122 165 158 159
123 166 159 160
124 167 160 161
126 169 162 163
127 170 163 164
128 171 164 165
129 172 165 166
130 173 166 167
132 175 168 169
133 176 169 170
134 177 170 171
135 178 171 172
136 179 172 173
144 187 180 181
145 188 181 182
146 189 182 183
147 190 183 184
148 191 184 185
150 193 186 187
151 194 187 188
152 195 188 189
153 196 189 190
154 197 190 191
156 199 192 193
157 200 193 194
158 201 194 195
159 202 195 196
160 203 196 197
162 205 198 199
163 206 199 200
164 207 200 201
165 208 201 202
166 209 202 203
168 211 204 205
169 212 205 206
170 213 206 207
171 214 207 208
172 215 208 209
0 1 7 43
1 2 8 44
2 3 9 45
3 4 10 46
4 5 11 47
6 7 13 49
7 8 14 50
8 9 15 51
9 10 16 52
10 11 17 53
12 13 19 55
13 14 20 56
14 15 21 57
15 16 22 58
16 17 23 59
18 19 25 61
19 20 26 62
20 21 27 63
21 22 28 64
22 23 29 65
24 25 31 67
25 26 32 68
26 27 33 69
27 28 34 70
28 29 35 71
36 37 43 79
37 38 44 80
38 39 45 81
39 40 46 82
40 41 47 83
42 43 49 85
43 44 50 86
44 45 51 87
45 46 52 88
46 47 53 89
48 49 55 91
49 50 56 92
50 51 57 93
51 52 58 94
52 53 59 95
54 55 61 97
55 56 62 98
56 57 63 99
57 58 64 100
58 59 65 101
60 61 67 103
61 62 68 104
62 63 69 105
63 64 70 106
64 65 71 107
72 73 79 115
73 74 80 116
74 75 81 117
75 76 82 118
76 77 83 119
78 79 85 121
79 80 86 122
80 81 87 123
81 82 88 124
82 83 89 125
84 85 91 127
85 86 92 128
86 87 93 129
87 88 94 130
88 89 95 131
90 91 97 133
91 92 98 134
92 93 99 135
93 94 100 136
94 95 101 137
96 97 103 139
97 98 104 140
98 99 105 141
99 100 106 142
100 101 107 143
108 109 115 151
109 110 116 152
110 111 117 153
111 112 118 154
112 113 119 155
114 115 121 157
115 116 122 158
116 117 123 159
117 118 124 160
118 119 125 161
120 121 127 163
121 122 128 164
122 123 129 165
123 124 130 166
124 125 131 167
126 127 133 169
127 128 134 170
128 129 135 171
129 130 136 172
130 131 137 173
132 133 139 175
133 134 140 176
134 135 141 177
135 136 142 178
136 137 143 179
144 145 151 187
145 146 152 188
146 147 153 189
147 148 154 190
148 149 155 191
150 151 157 193
151 152 158 194
152 153 159 195
153 154 160 196
154 155 161 197
156 157 163 199
157 158 164 200
158 159 165 201
159 160 166 202
160 161 167 203
162 163 169 205
163 164 170 206
164 165 171 207
165 166 172 208
166 167 173 209
168 169 175 211
169 170 176 212
170 171 177 213
171 172 178 214
172 173 179 215
0 7 6 43
1 8 7 44
2 9 8 45
3 10 9 46
4 11 10 47
6 13 12 49
7 14 13 50
8 15 14 51
9 16 15 52
10 17 16 53
12 19 18 55
13 20 19 56
14 21 20 57
15 22 21 58
16 23 22 59
18 25 24 61
19 26 25 62
20 27 26 63
21 28 27 64
22 29 28 65
24 31 30 67
25 32 31 68
26 33 32 69
27 34 33 70
28 35 34 71
36 43 42 79
37 44 43 80
38 45 44 81
39 46 45 82
40 47 46 83
42 49 48 85
43 50 49 86
44 51 50 87
45 52 51 88
46 53 52 89
48 55 54 91
49 56 55 92
50 57 56 93
51 58 57 94
52 59 58 95
54 61 60 97
55 62 61 98
56 63 62 99
57 64 63 100
58 65 64 101
60 67 66 103
61 68 67 104
62 69 68 105
63 70 69 106
64 71 70 107
72 79 78 115
73 80 79 116
74 81 80 117
75 82 81 118
76 83 82 119
78 85 84 121
79 86 85 122
80 87 86 123
81 88 87 124
82 89 88 125
84 91 90 127
85 92 91 128
86 93 92 129
87 94 93 130
88 95 94 131
90 97 96 133
91 98 97 134
92 99 98 135
93 100 99 136
94 101 100 137
96 103 102 139
97 104 103 140
98 105 104 141
99 106 105 142
100 107 106 143
108 115 114 151
109 116 115 152
110 117 116 153
111 118 117 154
112 119 118 155
114 121 120 157
115 122 121 158
116 123 122 159
117 124 123 160
118 125 124 161
120 127 126 163
121 128 127 164
122 129 128 165
123 130 129 166
124 131 130 167
126 133 132 169
127 134 133 170
128 135 134 171
129 136 135 172
130 137 136 173
132 139 138 175
133 140 139 176
134 141 140 177
135 142 141 178
136 143 142 179
144 151 150 187
145 152 151 188
146 153 152 189
147 154 153 190
148 155 154 191
150 157 156 193
151 158 157 194
152 159 158 195
153 160 159 196
154 161 160 197
156 163 162 199
157 164 163 200
158 165 164 201
159 166 165 202
160 167 166 203
162 169 168 205
163 170 169 206
164 171 170 207
165 172 171 208
166 173 172 209
168 175 174 211
169 176 175 212
170 177 176 213
171 178 177 214
172 179 178 215
0 42 36 43
1 43 37 44
2 44 38 45
3 45 39 46
4 46 40 47
6 48 42 49
7 49 43 50
8 50 44 51
9 51 45 52
10 52 46 53
12 54 48 55
13 55 49 56
14 56 50 57
15 57 51 58
16 58 52 59
18 60 54 61
19 61 55 62
20 62 56 63
21 63 57 64
22 64 58 65
24 66 60 67
25 67 61 68
26 68 62 69
27 69 63 70
28 70 64 71
36 78 72 79
37 79 73 80
38 80 74 81
39 81 75 82
40 82 76 83
42 84 78 85
43 85 79 86
44 86 80 87
45 87 81 88
46 88 82 89
48 90 84 91
49 91 85 92
50 92 86 93
51 93 87 94
52 94 88 95
54 96 90 97
55 97 91 98
56 98 92 99
57 99 93 100
58 100 94 101
60 102 96 103
61 103 97 104
62 104 98 105
63 105 99 106
64 106 100 107
72 114 108 115
73 115 109 116
74 116 110 117
75 117 111 118
76 118 112 119
78 120 114 121
79 121 115 122
80 122 116 123
81 123 117 124
82 124 118 125
84 126 120 127
85 127 121 128
86 128 122 129
87 129 123 130
88 130 124 131
90 132 126 133
91 133 127 134
92 134 128 135
93 135 129 136
94 136 130 137
96 138 132 139
97 139 133 140
98 140 134 141
99 141 135 142
100 142 136 143
108 150 144 151
109 151 145 152
110 152 146 153
111 153 147 154
112 154 148 155
114 156 150 157
115 157 151 158
116 158 152 159
117 159 153 160
118 160 154 161
120 162 156 163
121 163 157 164
122 164 158 165
123 165 159 166
124 166 160 167
126 168 162 169
127 169 163 170
128 170 164 171
129 171 165 172
130 172 166 173
132 174 168 175
133 175 169 176
134 176 170 177
135 177 171 178
136 178 172 179
144 186 180 187
145 187 181 188
146 188 182 189
147 189 183 190
148 190 184 191
150 192 186 193
151 193 187 194
152 194 188 195
153 195 189 196
154 196 190 197
156 198 192 199
157 199 193 200
158 200 194 201
159 201 195 202
160 202 196 203
162 204 198 205
163 205 199 206
164 206 200 207
165 207 201 208
166 208 202 209
168 210 204 211
169 211 205 212
170 212 206 213
171 213 207 214
172 214 208 215
0 6 42 43
1 7 43 44
2 8 44 45
3 9 45 46
4 10 46 47
6 12 48 49
7 13 49 50
8 14 50 51
9 15 51 52
10 16 52 53
12 18 54 55
13 19 55 56
14 20 56 57
15 21 57 58
16 22 58 59
18 24 60 61
19 25 61 62
20 26 62 63
21 27 63 64
22 28 64 65
24 30 66 67
25 31 67 68
26 32 68 69
27 33 69 70
28 34 70 71
36 42 78 79
37 43 79 80
38 44 80 81
39 45 81 82
40 46 82 83
42 48 84 85
43 49 85 86
44 50 86 87
45 51 87 88
46 52 88 89
48 54 90 91
49 55 91 92
50 56 92 93
51 57 93 94
52 58 94 95
54 60 96 97
55 61 97 98
56 62 98 99
57 63 99 100
58 64 100 101
60 66 102 103
61 67 103 104
62 68 104 105
63 69 105 106
64 70 106 107
72 78 114 115
73 79 115 116
74 80 116 117
75 81 117 118
76 82 118 119
78 84 120 121
79 85 121 122
80 86 122 123
81 87 123 124
82 88 124 125
84 90 126 127
85 91 127 128
86 92 128 129
87 93 129 130
88 94 130 131
90 96 132 133
91 97 133 134
92 98 134 135
93 99 135 136
94 100 136 137
96 102 138 139
97 103 139 140
98 104 140 141
99 105 141 142
100 106 142 143
108 114 150 151
109 115 151 152
110 116 152 153
111 117 153 154
112 118 154 155
114 120 156 157
115 121 157 158
116 122 158 159
117 123 159 160
118 124 160 161
120 126 162 163
121 127 163 164
122 128 164 165
123 129 165 166
124 130 166 167
126 132 168 169
127 133 169 170
128 134 170 171
129 135 171 172
130 136 172 173
132 138 174 175
133 139 175 176
134 140 176 177
135 141 177 178
136 142 178 179
144 150 186 187
145 151 187 188
146 152 188 189
147 153 189 190
148 154 190 191
150 156 192 193
151 157 193 194
152 158 194 195
153 159 195 196
154 160 196 197
156 162 198 199
157 163 199 200
158 164 200 201
159 165 201 202
160 166 202 203
162 168 204 205
163 169 205 206
164 170 206 207
165 171 207 208
166 172 208 209
168 174 210 211
169 175 211 212
170 176 212 213
171 177 213 214
172 178 214 215
