4374  4
0 1 111 101
1 2 112 102
2 3 113 103
3 4 114 104
4 5 115 105
5 6 116 106
6 7 117 107
7 8 118 108
8 9 119 109
10 11 121 111
11 12 122 112
12 13 123 113
13 14 124 114
14 15 125 115
15 16 126 116
16 17 127 117
17 18 128 118
18 19 129 119
20 21 131 121
21 22 132 122
22 23 133 123
23 24 134 124
24 25 135 125
25 26 136 126
26 27 137 127
27 28 138 128
28 29 139 129
30 31 141 131
31 32 142 132
32 33 143 133
33 34 144 134
34 35 145 135
35 36 146 136
36 37 147 137
37 38 148 138
38 39 149 139
40 41 151 141
41 42 152 142
42 43 153 143
43 44 154 144
44 45 155 145
45 46 156 146
46 47 157 147
47 48 158 148
48 49 159 149
50 51 161 151
51 52 162 152
52 53 163 153
53 54 164 154
54 55 165 155
55 56 166 156
56 57 167 157
57 58 168 158
58 59 169 159
60 61 171 161
61 62 172 162
62 63 173 163
63 64 174 164
64 65 175 165
65 66 176 166
66 67 177 167
67 68 178 168
68 69 179 169
70 71 181 171
71 72 182 172
72 73 183 173
73 74 184 174
74 75 185 175
75 76 186 176
76 77 187 177
77 78 188 178
78 79 189 179
80 81 191 181
81 82 192 182
82 83 193 183
83 84 194 184
84 85 195 185
85 86 196 186
86 87 197 187
87 88 198 188
88 89 199 189
100 101 211 201
101 102 212 202
102 103 213 203
103 104 214 204
104 105 215 205
105 106 216 206
106 107 217 207
107 108 218 208
108 109 219 209
110 111 221 211
111 112 222 212
112 113 223 213
113 114 224 214
114 115 225 215
115 116 226 216
116 117 227 217
117 118 228 218
118 119 229 219
120 121 231 221
121 122 232 222
122 123 233 223
123 124 234 224
124 125 235 225
125 126 236 226
126 127 237 227
127 128 238 228
128 129 239 229
130 131 241 231
131 132 242 232
132 133 243 233
133 134 244 234
134 135 245 235
135 136 246 236
136 137 247 237
137 138 248 238
138 139 249 239
140 141 251 241
141 142 252 242
142 143 253 243
143 144 254 244
144 145 255 245
145 146 256 246
146 147 257 247
147 148 258 248
148 149 259 249
150 151 261 251
151 152 262 252
152 153 263 253
153 154 264 254
154 155 265 255
155 156 266 256
156 157 267 257
157 158 268 258
158 159 269 259
160 161 271 261
161 162 272 262
162 163 273 263
163 164 274 264
164 165 275 265
165 166 276 266
166 167 277 267
167 168 278 268
168 169 279 269
170 171 281 271
171 172 282 272
172 173 283 273
173 174 284 274
174 175 285 275
175 176 286 276
176 177 287 277
177 178 288 278
178 179 289 279
180 181 291 281
181 182 292 282
182 183 293 283
183 184 294 284
184 185 295 285
185 186 296 286
186 187 297 287
187 188 298 288
188 189 299 289
200 201 311 301
201 202 312 302
202 203 313 303
203 204 314 304
204 205 315 305
205 206 316 306
206 207 317 307
207 208 318 308
208 209 319 309
210 211 321 311
211 212 322 312
212 213 323 313
213 214 324 314
214 215 325 315
215 216 326 316
216 217 327 317
217 218 328 318
218 219 329 319
220 221 331 321
221 222 332 322
222 223 333 323
223 224 334 324
224 225 335 325
225 226 336 326
226 227 337 327
227 228 338 328
228 229 339 329
230 231 341 331
231 232 342 332
232 233 343 333
233 234 344 334
234 235 345 335
235 236 346 336
236 237 347 337
237 238 348 338
238 239 349 339
240 241 351 341
241 242 352 342
242 243 353 343
243 244 354 344
244 245 355 345
245 246 356 346
246 247 357 347
247 248 358 348
248 249 359 349
250 251 361 351
251 252 362 352
252 253 363 353
253 254 364 354
254 255 365 355
255 256 366 356
256 257 367 357
257 258 368 358
258 259 369 359
260 261 371 361
261 262 372 362
262 263 373 363
263 264 374 364
264 265 375 365
265 266 376 366
266 267 377 367
267 268 378 368
268 269 379 369
270 271 381 371
271 272 382 372
272 273 383 373
273 274 384 374
274 275 385 375
275 276 386 376
276 277 387 377
277 278 388 378
278 279 389 379
280 281 391 381
281 282 392 382
282 283 393 383
283 284 394 384
284 285 395 385
285 286 396 386
286 287 397 387
287 288 398 388
288 289 399 389
300 301 411 401
301 302 412 402
302 303 413 403
303 304 414 404
304 305 415 405
305 306 416 406
306 307 417 407
307 308 418 408
308 309 419 409
310 311 421 411
311 312 422 412
312 313 423 413
313 314 424 414
314 315 425 415
315 316 426 416
316 317 427 417
317 318 428 418
318 319 429 419
320 321 431 421
321 322 432 422
322 323 433 423
323 324 434 424
324 325 435 425
325 326 436 426
326 327 437 427
327 328 438 428
328 329 439 429
330 331 441 431
331 332 442 432
332 333 443 433
333 334 444 434
334 335 445 435
335 336 446 436
336 337 447 437
337 338 448 438
338 339 449 439
340 341 451 441
341 342 452 442
342 343 453 443
343 344 454 444
344 345 455 445
345 346 456 446
346 347 457 447
347 348 458 448
348 349 459 449
350 351 461 451
351 352 462 452
352 353 463 453
353 354 464 454
354 355 465 455
355 356 466 456
356 357 467 457
357 358 468 458
358 359 469 459
360 361 471 461
361 362 472 462
362 363 473 463
363 364 474 464
364 365 475 465
365 366 476 466
366 367 477 467
367 368 478 468
368 369 479 469
370 371 481 471
371 372 482 472
372 373 483 473
373 374 484 474
374 375 485 475
375 376 486 476
376 377 487 477
377 378 488 478
378 379 489 479
380 381 491 481
381 382 492 482
382 383 493 483
383 384 494 484
384 385 495 485
385 386 496 486
386 387 497 487
387 388 498 488
388 389 499 489
400 401 511 501
401 402 512 502
402 403 513 503
403 404 514 504
404 405 515 505
405 406 516 506
406 407 517 507
407 408 518 508
408 409 519 509
410 411 521 511
411 412 522 512
412 413 523 513
413 414 524 514
414 415 525 515
415 416 526 516
416 417 527 517
417 418 528 518
418 419 529 519
420 421 531 521
421 422 532 522
422 423 533 523
423 424 534 524
424 425 535 525
425 426 536 526
426 427 537 527
427 428 538 528
428 429 539 529
430 431 541 531
431 432 542 532
432 433 543 533
433 434 544 534
434 435 545 535
435 436 546 536
436 437 547 537
437 438 548 538
438 439 549 539
440 441 551 541
441 442 552 542
442 443 553 543
443 444 554 544
444 445 555 545
445 446 556 546
446 447 557 547
447 448 558 548
448 449 559 549
450 451 561 551
451 452 562 552
452 453 563 553
453 454 564 554
454 455 565 555
455 456 566 556
456 457 567 557
457 458 568 558
458 459 569 559
460 461 571 561
461 462 572 562
462 463 573 563
463 464 574 564
464 465 575 565
465 466 576 566
466 467 577 567
467 468 578 568
468 469 579 569
470 471 581 571
471 472 582 572
472 473 583 573
473 474 584 574
474 475 585 575
475 476 586 576
476 477 587 577
477 478 588 578
478 479 589 579
480 481 591 581
481 482 592 582
482 483 593 583
483 484 594 584
484 485 595 585
485 486 596 586
486 487 597 587
487 488 598 588
488 489 599 589
500 501 611 601
501 502 612 602
502 503 613 603
503 504 614 604
504 505 615 605
505 506 616 606
506 507 617 607
507 508 618 608
508 509 619 609
510 511 621 611
511 512 622 612
512 513 623 613
513 514 624 614
514 515 625 615
515 516 626 616
516 517 627 617
517 518 628 618
518 519 629 619
520 521 631 621
521 522 632 622
522 523 633 623
523 524 634 624
524 525 635 625
525 526 636 626
526 527 637 627
527 528 638 628
528 529 639 629
530 531 641 631
531 532 642 632
532 533 643 633
533 534 644 634
534 535 645 635
535 536 646 636
536 537 647 637
537 538 648 638
538 539 649 639
540 541 651 641
541 542 652 642
542 543 653 643
543 544 654 644
544 545 655 645
545 546 656 646
546 547 657 647
547 548 658 648
548 549 659 649
550 551 661 651
551 552 662 652
552 553 663 653
553 554 664 654
554 555 665 655
555 556 666 656
556 557 667 657
557 558 668 658
558 559 669 659
560 561 671 661
561 562 672 662
562 563 673 663
563 564 674 664
564 565 675 665
565 566 676 666
566 567 677 667
567 568 678 668
568 569 679 669
570 571 681 671
571 572 682 672
572 573 683 673
573 574 684 674
574 575 685 675
575 576 686 676
576 577 687 677
577 578 688 678
578 579 689 679
580 581 691 681
581 582 692 682
582 583 693 683
583 584 694 684
584 585 695 685
585 586 696 686
586 587 697 687
587 588 698 688
588 589 699 689
600 601 711 701
601 602 712 702
602 603 713 703
603 604 714 704
604 605 715 705
605 606 716 706
606 607 717 707
607 608 718 708
608 609 719 709
610 611 721 711
611 612 722 712
612 613 723 713
613 614 724 714
614 615 725 715
615 616 726 716
616 617 727 717
617 618 728 718
618 619 729 719
620 621 731 721
621 622 732 722
622 623 733 723
623 624 734 724
624 625 735 725
625 626 736 726
626 627 737 727
627 628 738 728
628 629 739 729
630 631 741 731
631 632 742 732
632 633 743 733
633 634 744 734
634 635 745 735
635 636 746 736
636 637 747 737
637 638 748 738
638 639 749 739
640 641 751 741
641 642 752 742
642 643 753 743
643 644 754 744
644 645 755 745
645 646 756 746
646 647 757 747
647 648 758 748
648 649 759 749
650 651 761 751
651 652 762 752
652 653 763 753
653 654 764 754
654 655 765 755
655 656 766 756
656 657 767 757
657 658 768 758
658 659 769 759
660 661 771 761
661 662 772 762
662 663 773 763
663 664 774 764
664 665 775 765
665 666 776 766
666 667 777 767
667 668 778 768
668 669 779 769
670 671 781 771
671 672 782 772
672 673 783 773
673 674 784 774
674 675 785 775
675 676 786 776
676 677 787 777
677 678 788 778
678 679 789 779
680 681 791 781
681 682 792 782
682 683 793 783
683 684 794 784
684 685 795 785
685 686 796 786
686 687 797 787
687 688 798 788
688 689 799 789
700 701 811 801
701 702 812 802
702 703 813 803
703 704 814 804
704 705 815 805
705 706 816 806
706 707 817 807
707 708 818 808
708 709 819 809
710 711 821 811
711 712 822 812
712 713 823 813
713 714 824 814
714 715 825 815
715 716 826 816
716 717 827 817
717 718 828 818
718 719 829 819
720 721 831 821
721 722 832 822
722 723 833 823
723 724 834 824
724 725 835 825
725 726 836 826
726 727 837 827
727 728 838 828
728 729 839 829
730 731 841 831
731 732 842 832
732 733 843 833
733 734 844 834
734 735 845 835
735 736 846 836
736 737 847 837
737 738 848 838
738 739 849 839
740 741 851 841
741 742 852 842
742 743 853 843
743 744 854 844
744 745 855 845
745 746 856 846
746 747 857 847
747 748 858 848
748 749 859 849
750 751 861 851
751 752 862 852
752 753 863 853
753 754 864 854
754 755 865 855
755 756 866 856
756 757 867 857
757 758 868 858
758 759 869 859
760 761 871 861
761 762 872 862
762 763 873 863
763 764 874 864
764 765 875 865
765 766 876 866
766 767 877 867
767 768 878 868
768 769 879 869
770 771 881 871
771 772 882 872
772 773 883 873
773 774 884 874
774 775 885 875
775 776 886 876
776 777 887 877
777 778 888 878
778 779 889 879
780 781 891 881
781 782 892 882
782 783 893 883
783 784 894 884
784 785 895 885
785 786 896 886
786 787 897 887
787 788 898 888
788 789 899 889
800 801 911 901
801 802 912 902
802 803 913 903
803 804 914 904
804 805 915 905
805 806 916 906
806 807 917 907
807 808 918 908
808 809 919 909
810 811 921 911
811 812 922 912
812 813 923 913
813 814 924 914
814 815 925 915
815 816 926 916
816 817 927 917
817 818 928 918
818 819 929 919
820 821 931 921
821 822 932 922
822 823 933 923
823 824 934 924
824 825 935 925
825 826 936 926
826 827 937 927
827 828 938 928
828 829 939 929
830 831 941 931
831 832 942 932
832 833 943 933
833 834 944 934
834 835 945 935
835 836 946 936
836 837 947 937
837 838 948 938
838 839 949 939
840 841 951 941
841 842 952 942
842 843 953 943
843 844 954 944
844 845 955 945
845 846 956 946
846 847 957 947
847 848 958 948
848 849 959 949
850 851 961 951
851 852 962 952
852 853 963 953
853 854 964 954
854 855 965 955
855 856 966 956
856 857 967 957
857 858 968 958
858 859 969 959
860 861 971 961
861 862 972 962
862 863 973 963
863 864 974 964
864 865 975 965
865 866 976 966
866 867 977 967
867 868 978 968
868 869 979 969
870 871 981 971
871 872 982 972
872 873 983 973
873 874 984 974
874 875 985 975
875 876 986 976
876 877 987 977
877 878 988 978
878 879 989 979
880 881 991 981
881 882 992 982
882 883 993 983
883 884 994 984
884 885 995 985
885 886 996 986
886 887 997 987
887 888 998 988
888 889 999 989
0 111 100 101
1 112 101 102
2 113 102 103
3 114 103 104
4 115 104 105
5 116 105 106
6 117 106 107
7 118 107 108
8 119 108 109
10 121 110 111
11 122 111 112
12 123 112 113
13 124 113 114
14 125 114 115
15 126 115 116
16 127 116 117
17 128 117 118
18 129 118 119
20 131 120 121
21 132 121 122
22 133 122 123
23 134 123 124
24 135 124 125
25 136 125 126
26 137 126 127
27 138 127 128
28 139 128 129
30 141 130 131
31 142 131 132
32 143 132 133
33 144 133 134
34 145 134 135
35 146 135 136
36 147 136 137
37 148 137 138
38 149 138 139
40 151 140 141
41 152 141 142
42 153 142 143
43 154 143 144
44 155 144 145
45 156 145 146
46 157 146 147
47 158 147 148
48 159 148 149
50 161 150 151
51 162 151 152
52 163 152 153
53 164 153 154
54 165 154 155
55 166 155 156
56 167 156 157
57 168 157 158
58 169 158 159
60 171 160 161
61 172 161 162
62 173 162 163
63 174 163 164
64 175 164 165
65 176 165 166
66 177 166 167
67 178 167 168
68 179 168 169
70 181 170 171
71 182 171 172
72 183 172 173
73 184 173 174
74 185 174 175
75 186 175 176
76 187 176 177
77 188 177 178
78 189 178 179
80 191 180 181
81 192 181 182
82 193 182 183
83 194 183 184
84 195 184 185
85 196 185 186
86 197 186 187
87 198 187 188
88 199 188 189
100 211 200 201
101 212 201 202
102 213 202 203
103 214 203 204
104 215 204 205
105 216 205 206
106 217 206 207
107 218 207 208
108 219 208 209
110 221 210 211
111 222 211 212
112 223 212 213
113 224 213 214
114 225 214 215
115 226 215 216
116 227 216 217
117 228 217 218
118 229 218 219
120 231 220 221
121 232 221 222
122 233 222 223
123 234 223 224
124 235 224 225
125 236 225 226
126 237 226 227
127 238 227 228
128 239 228 229
130 241 230 231
131 242 231 232
132 243 232 233
133 244 233 234
134 245 234 235
135 246 235 236
136 247 236 237
137 248 237 238
138 249 238 239
140 251 240 241
141 252 241 242
142 253 242 243
143 254 243 244
144 255 244 245
145 256 245 246
146 257 246 247
147 258 247 248
148 259 248 249
150 261 250 251
151 262 251 252
152 263 252 253
153 264 253 254
154 265 254 255
155 266 255 256
156 267 256 257
157 268 257 258
158 269 258 259
160 271 260 261
161 272 261 262
162 273 262 263
163 274 263 264
164 275 264 265
165 276 265 266
166 277 266 267
167 278 267 268
168 279 268 269
170 281 270 271
171 282 271 272
172 283 272 273
173 284 273 274
174 285 274 275
175 286 275 276
176 287 276 277
177 288 277 278
178 289 278 279
180 291 280 281
181 292 281 282
182 293 282 283
183 294 283 284
184 295 284 285
185 296 285 286
186 297 286 287
187 298 287 288
188 299 288 289
200 311 300 301
201 312 301 302
202 313 302 303
203 314 303 304
204 315 304 305
205 316 305 306
206 317 306 307
207 318 307 308
208 319 308 309
210 321 310 311
211 322 311 312
212 323 312 313
213 324 313 314
214 325 314 315
215 326 315 316
216 327 316 317
217 328 317 318
218 329 318 319
220 331 320 321
221 332 321 322
222 333 322 323
223 334 323 324
224 335 324 325
225 336 325 326
226 337 326 327
227 338 327 328
228 339 328 329
230 341 330 331
231 342 331 332
232 343 332 333
233 344 333 334
234 345 334 335
235 346 335 336
236 347 336 337
237 348 337 338
238 349 338 339
240 351 340 341
241 352 341 342
242 353 342 343
243 354 343 344
244 355 344 345
245 356 345 346
246 357 346 347
247 358 347 348
248 359 348 349
250 361 350 351
251 362 351 352
252 363 352 353
253 364 353 354
254 365 354 355
255 366 355 356
256 367 356 357
257 368 357 358
258 369 358 359
260 371 360 361
261 372 361 362
262 373 362 363
263 374 363 364
264 375 364 365
265 376 365 366
266 377 366 367
267 378 367 368
268 379 368 369
270 381 370 371
271 382 371 372
272 383 372 373
273 384 373 374
274 385 374 375
275 386 375 376
276 387 376 377
277 388 377 378
278 389 378 379
280 391 380 381
281 392 381 382
282 393 382 383
283 394 383 384
284 395 384 385
285 396 385 386
286 397 386 387
287 398 387 388
288 399 388 389
300 411 400 401
301 412 401 402
302 413 402 403
303 414 403 404
304 415 404 405
305 416 405 406
306 417 406 407
307 418 407 408
308 419 408 409
310 421 410 411
311 422 411 412
312 423 412 413
313 424 413 414
314 425 414 415
315 426 415 416
316 427 416 417
317 428 417 418
318 429 418 419
320 431 420 421
321 432 421 422
322 433 422 423
323 434 423 424
324 435 424 425
325 436 425 426
326 437 426 427
327 438 427 428
328 439 428 429
330 441 430 431
331 442 431 432
332 443 432 433
333 444 433 434
334 445 434 435
335 446 435 436
336 447 436 437
337 448 437 438
338 449 438 439
340 451 440 441
341 452 441 442
342 453 442 443
343 454 443 444
344 455 444 445
345 456 445 446
346 457 446 447
347 458 447 448
348 459 448 449
350 461 450 451
351 462 451 452
352 463 452 453
353 464 453 454
354 465 454 455
355 466 455 456
356 467 456 457
357 468 457 458
358 469 458 459
360 471 460 461
361 472 461 462
362 473 462 463
363 474 463 464
364 475 464 465
365 476 465 466
366 477 466 467
367 478 467 468
368 479 468 469
370 481 470 471
371 482 471 472
372 483 472 473
373 484 473 474
374 485 474 475
375 486 475 476
376 487 476 477
377 488 477 478
378 489 478 479
380 491 480 481
381 492 481 482
382 493 482 483
383 494 483 484
384 495 484 485
385 496 485 486
386 497 486 487
387 498 487 488
388 499 488 489
400 511 500 501
401 512 501 502
402 513 502 503
403 514 503 504
404 515 504 505
405 516 505 506
406 517 506 507
407 518 507 508
408 519 508 509
410 521 510 511
411 522 511 512
412 523 512 513
413 524 513 514
414 525 514 515
415 526 515 516
416 527 516 517
417 528 517 518
418 529 518 519
420 531 520 521
421 532 521 522
422 533 522 523
423 534 523 524
424 535 524 525
425 536 525 526
426 537 526 527
427 538 527 528
428 539 528 529
430 541 530 531
431 542 531 532
432 543 532 533
433 544 533 534
434 545 534 535
435 546 535 536
436 547 536 537
437 548 537 538
438 549 538 539
440 551 540 541
441 552 541 542
442 553 542 543
443 554 543 544
444 555 544 545
445 556 545 546
446 557 546 547
447 558 547 548
448 559 548 549
450 561 550 551
451 562 551 552
452 563 552 553
453 564 553 554
454 565 554 555
455 566 555 556
456 567 556 557
457 568 557 558
458 569 558 559
460 571 560 561
461 572 561 562
462 573 562 563
463 574 563 564
464 575 564 565
465 576 565 566
466 577 566 567
467 578 567 568
468 579 568 569
470 581 570 571
471 582 571 572
472 583 572 573
473 584 573 574
474 585 574 575
475 586 575 576
476 587 576 577
477 588 577 578
478 589 578 579
480 591 580 581
481 592 581 582
482 593 582 583
483 594 583 584
484 595 584 585
485 596 585 586
486 597 586 587
487 598 587 588
488 599 588 589
500 611 600 601
501 612 601 602
502 613 602 603
503 614 603 604
504 615 604 605
505 616 605 606
506 617 606 607
507 618 607 608
508 619 608 609
510 621 610 611
511 622 611 612
512 623 612 613
513 624 613 614
514 625 614 615
515 626 615 616
516 627 616 617
517 628 617 618
518 629 618 619
520 631 620 621
521 632 621 622
522 633 622 623
523 634 623 624
524 635 624 625
525 636 625 626
526 637 626 627
527 638 627 628
528 639 628 629
530 641 630 631
531 642 631 632
532 643 632 633
533 644 633 634
534 645 634 635
535 646 635 636
536 647 636 637
537 648 637 638
538 649 638 639
540 651 640 641
541 652 641 642
542 653 642 643
543 654 643 644
544 655 644 645
545 656 645 646
546 657 646 647
547 658 647 648
548 659 648 649
550 661 650 651
551 662 651 652
552 663 652 653
553 664 653 654
554 665 654 655
555 666 655 656
556 667 656 657
557 668 657 658
558 669 658 659
560 671 660 661
561 672 661 662
562 673 662 663
563 674 663 664
564 675 664 665
565 676 665 666
566 677 666 667
567 678 667 668
568 679 668 669
570 681 670 671
571 682 671 672
572 683 672 673
573 684 673 674
574 685 674 675
575 686 675 676
576 687 676 677
577 688 677 678
578 689 678 679
580 691 680 681
581 692 681 682
582 693 682 683
583 694 683 684
584 695 684 685
585 696 685 686
586 697 686 687
587 698 687 688
588 699 688 689
600 711 700 701
601 712 701 702
602 713 702 703
603 714 703 704
604 715 704 705
605 716 705 706
606 717 706 707
607 718 707 708
608 719 708 709
610 721 710 711
611 722 711 712
612 723 712 713
613 724 713 714
614 725 714 715
615 726 715 716
616 727 716 717
617 728 717 718
618 729 718 719
620 731 720 721
621 732 721 722
622 733 722 723
623 734 723 724
624 735 724 725
625 736 725 726
626 737 726 727
627 738 727 728
628 739 728 729
630 741 730 731
631 742 731 732
632 743 732 733
633 744 733 734
634 745 734 735
635 746 735 736
636 747 736 737
637 748 737 738
638 749 738 739
640 751 740 741
641 752 741 742
642 753 742 743
643 754 743 744
644 755 744 745
645 756 745 746
646 757 746 747
647 758 747 748
648 759 748 749
650 761 750 751
651 762 751 752
652 763 752 753
653 764 753 754
654 765 754 755
655 766 755 756
656 767 756 757
657 768 757 758
658 769 758 759
660 771 760 761
661 772 761 762
662 773 762 763
663 774 763 764
664 775 764 765
665 776 765 766
666 777 766 767
667 778 767 768
668 779 768 769
670 781 770 771
671 782 771 772
672 783 772 773
673 784 773 774
674 785 774 775
675 786 775 776
676 787 776 777
677 788 777 778
678 789 778 779
680 791 780 781
681 792 781 782
682 793 782 783
683 794 783 784
684 795 784 785
685 796 785 786
686 797 786 787
687 798 787 788
688 799 788 789
700 811 800 801
701 812 801 802
702 813 802 803
703 814 803 804
704 815 804 805
705 816 805 806
706 817 806 807
707 818 807 808
708 819 808 809
710 821 810 811
711 822 811 812
712 823 812 813
713 824 813 814
714 825 814 815
715 826 815 816
716 827 816 817
717 828 817 818
718 829 818 819
720 831 820 821
721 832 821 822
722 833 822 823
723 834 823 824
724 835 824 825
725 836 825 826
726 837 826 827
727 838 827 828
728 839 828 829
730 841 830 831
731 842 831 832
732 843 832 833
733 844 833 834
734 845 834 835
735 846 835 836
736 847 836 837
737 848 837 838
738 849 838 839
740 851 840 841
741 852 841 842
742 853 842 843
743 854 843 844
744 855 844 845
745 856 845 846
746 857 846 847
747 858 847 848
748 859 848 849
750 861 850 851
751 862 851 852
752 863 852 853
753 864 853 854
754 865 854 855
755 866 855 856
756 867 856 857
757 868 857 858
758 869 858 859
760 871 860 861
761 872 861 862
762 873 862 863
763 874 863 864
764 875 864 865
765 876 865 866
766 877 866 867
767 878 867 868
768 879 868 869
770 881 870 871
771 882 871 872
772 883 872 873
773 884 873 874
774 885 874 875
775 886 875 876
776 887 876 877
777 888 877 878
778 889 878 879
780 891 880 881
781 892 881 882
782 893 882 883
783 894 883 884
784 895 884 885
785 896 885 886
786 897 886 887
787 898 887 888
788 899 888 889
800 911 900 901
801 912 901 902
802 913 902 903
803 914 903 904
804 915 904 905
805 916 905 906
806 917 906 907
807 918 907 908
808 919 908 909
810 921 910 911
811 922 911 912
812 923 912 913
813 924 913 914
814 925 914 915
815 926 915 916
816 927 916 917
817 928 917 918
818 929 918 919
820 931 920 921
821 932 921 922
822 933 922 923
823 934 923 924
824 935 924 925
825 936 925 926
826 937 926 927
827 938 927 928
828 939 928 929
830 941 930 931
831 942 931 932
832 943 932 933
833 944 933 934
834 945 934 935
835 946 935 936
836 947 936 937
837 948 937 938
838 949 938 939
840 951 940 941
841 952 941 942
842 953 942 943
843 954 943 944
844 955 944 945
845 956 945 946
846 957 946 947
847 958 947 948
848 959 948 949
850 961 950 951
851 962 951 952
852 963 952 953
853 964 953 954
854 965 954 955
855 966 955 956
856 967 956 957
857 968 957 958
858 969 958 959
860 971 960 961
861 972 961 962
862 973 962 963
863 974 963 964
864 975 964 965
865 976 965 966
866 977 966 967
867 978 967 968
868 979 968 969
870 981 970 971
871 982 971 972
872 983 972 973
873 984 973 974
874 985 974 975
875 986 975 976
876 987 976 977
877 988 977 978
878 989 978 979
880 991 980 981
881 992 981 982
882 993 982 983
883 994 983 984
884 995 984 985
885 996 985 986
886 997 986 987
887 998 987 988
888 999 988 989
0 1 11 111
1 2 12 112
2 3 13 113
3 4 14 114
4 5 15 115
5 6 16 116
6 7 17 117
7 8 18 118
8 9 19 119
10 11 21 121
11 12 22 122
12 13 23 123
13 14 24 124
14 15 25 125
15 16 26 126
16 17 27 127
17 18 28 128
18 19 29 129
20 21 31 131
21 22 32 132
22 23 33 133
23 24 34 134
24 25 35 135
25 26 36 136
26 27 37 137
27 28 38 138
28 29 39 139
30 31 41 141
31 32 42 142
32 33 43 143
33 34 44 144
34 35 45 145
35 36 46 146
36 37 47 147
37 38 48 148
38 39 49 149
40 41 51 151
41 42 52 152
42 43 53 153
43 44 54 154
44 45 55 155
45 46 56 156
46 47 57 157
47 48 58 158
48 49 59 159
50 51 61 161
51 52 62 162
52 53 63 163
53 54 64 164
54 55 65 165
55 56 66 166
56 57 67 167
57 58 68 168
58 59 69 169
60 61 71 171
61 62 72 172
62 63 73 173
63 64 74 174
64 65 75 175
65 66 76 176
66 67 77 177
67 68 78 178
68 69 79 179
70 71 81 181
71 72 82 182
72 73 83 183
73 74 84 184
74 75 85 185
75 76 86 186
76 77 87 187
77 78 88 188
78 79 89 189
80 81 91 191
81 82 92 192
82 83 93 193
83 84 94 194
84 85 95 195
85 86 96 196
86 87 97 197
87 88 98 198
88 89 99 199
100 101 111 211
101 102 112 212
102 103 113 213
103 104 114 214
104 105 115 215
105 106 116 216
106 107 117 217
107 108 118 218
108 109 119 219
110 111 121 221
111 112 122 222
112 113 123 223
113 114 124 224
114 115 125 225
115 116 126 226
116 117 127 227
117 118 128 228
118 119 129 229
120 121 131 231
121 122 132 232
122 123 133 233
123 124 134 234
124 125 135 235
125 126 136 236
126 127 137 237
127 128 138 238
128 129 139 239
130 131 141 241
131 132 142 242
132 133 143 243
133 134 144 244
134 135 145 245
135 136 146 246
136 137 147 247
137 138 148 248
138 139 149 249
140 141 151 251
141 142 152 252
142 143 153 253
143 144 154 254
144 145 155 255
145 146 156 256
146 147 157 257
147 148 158 258
148 149 159 259
150 151 161 261
151 152 162 262
152 153 163 263
153 154 164 264
154 155 165 265
155 156 166 266
156 157 167 267
157 158 168 268
158 159 169 269
160 161 171 271
161 162 172 272
162 163 173 273
163 164 174 274
164 165 175 275
165 166 176 276
166 167 177 277
167 168 178 278
168 169 179 279
170 171 181 281
171 172 182 282
172 173 183 283
173 174 184 284
174 175 185 285
175 176 186 286
176 177 187 287
177 178 188 288
178 179 189 289
180 181 191 291
181 182 192 292
182 183 193 293
183 184 194 294
184 185 195 295
185 186 196 296
186 187 197 297
187 188 198 298
188 189 199 299
200 201 211 311
201 202 212 312
202 203 213 313
203 204 214 314
204 205 215 315
205 206 216 316
206 207 217 317
207 208 218 318
208 209 219 319
210 211 221 321
211 212 222 322
212 213 223 323
213 214 224 324
214 215 225 325
215 216 226 326
216 217 227 327
217 218 228 328
218 219 229 329
220 221 231 331
221 222 232 332
222 223 233 333
223 224 234 334
224 225 235 335
225 226 236 336
226 227 237 337
227 228 238 338
228 229 239 339
230 231 241 341
231 232 242 342
232 233 243 343
233 234 244 344
234 235 245 345
235 236 246 346
236 237 247 347
237 238 248 348
238 239 249 349
240 241 251 351
241 242 252 352
242 243 253 353
243 244 254 354
244 245 255 355
245 246 256 356
246 247 257 357
247 248 258 358
248 249 259 359
250 251 261 361
251 252 262 362
252 253 263 363
253 254 264 364
254 255 265 365
255 256 266 366
256 257 267 367
257 258 268 368
258 259 269 369
260 261 271 371
261 262 272 372
262 263 273 373
263 264 274 374
264 265 275 375
265 266 276 376
266 267 277 377
267 268 278 378
268 269 279 379
270 271 281 381
271 272 282 382
272 273 283 383
273 274 284 384
274 275 285 385
275 276 286 386
276 277 287 387
277 278 288 388
278 279 289 389
280 281 291 391
281 282 292 392
282 283 293 393
283 284 294 394
284 285 295 395
285 286 296 396
286 287 297 397
287 288 298 398
288 289 299 399
300 301 311 411
301 302 312 412
302 303 313 413
303 304 314 414
304 305 315 415
305 306 316 416
306 307 317 417
307 308 318 418
308 309 319 419
310 311 321 421
311 312 322 422
312 313 323 423
313 314 324 424
314 315 325 425
315 316 326 426
316 317 327 427
317 318 328 428
318 319 329 429
320 321 331 431
321 322 332 432
322 323 333 433
323 324 334 434
324 325 335 435
325 326 336 436
326 327 337 437
327 328 338 438
328 329 339 439
330 331 341 441
331 332 342 442
332 333 343 443
333 334 344 444
334 335 345 445
335 336 346 446
336 337 347 447
337 338 348 448
338 339 349 449
340 341 351 451
341 342 352 452
342 343 353 453
343 344 354 454
344 345 355 455
345 346 356 456
346 347 357 457
347 348 358 458
348 349 359 459
350 351 361 461
351 352 362 462
352 353 363 463
353 354 364 464
354 355 365 465
355 356 366 466
356 357 367 467
357 358 368 468
358 359 369 469
360 361 371 471
361 362 372 472
362 363 373 473
363 364 374 474
364 365 375 475
365 366 376 476
366 367 377 477
367 368 378 478
368 369 379 479
370 371 381 481
371 372 382 482
372 373 383 483
373 374 384 484
374 375 385 485
375 376 386 486
376 377 387 487
377 378 388 488
378 379 389 489
380 381 391 491
381 382 392 492
382 383 393 493
383 384 394 494
384 385 395 495
385 386 396 496
386 387 397 497
387 388 398 498
388 389 399 499
400 401 411 511
401 402 412 512
402 403 413 513
403 404 414 514
404 405 415 515
405 406 416 516
406 407 417 517
407 408 418 518
408 409 419 519
410 411 421 521
411 412 422 522
412 413 423 523
413 414 424 524
414 415 425 525
415 416 426 526
416 417 427 527
417 418 428 528
418 419 429 529
420 421 431 531
421 422 432 532
422 423 433 533
423 424 434 534
424 425 435 535
425 426 436 536
426 427 437 537
427 428 438 538
428 429 439 539
430 431 441 541
431 432 442 542
432 433 443 543
433 434 444 544
434 435 445 545
435 436 446 546
436 437 447 547
437 438 448 548
438 439 449 549
440 441 451 551
441 442 452 552
442 443 453 553
443 444 454 554
444 445 455 555
445 446 456 556
446 447 457 557
447 448 458 558
448 449 459 559
450 451 461 561
451 452 462 562
452 453 463 563
453 454 464 564
454 455 465 565
455 456 466 566
456 457 467 567
457 458 468 568
458 459 469 569
460 461 471 571
461 462 472 572
462 463 473 573
463 464 474 574
464 465 475 575
465 466 476 576
466 467 477 577
467 468 478 578
468 469 479 579
470 471 481 581
471 472 482 582
472 473 483 583
473 474 484 584
474 475 485 585
475 476 486 586
476 477 487 587
477 478 488 588
478 479 489 589
480 481 491 591
481 482 492 592
482 483 493 593
483 484 494 594
484 485 495 595
485 486 496 596
486 487 497 597
487 488 498 598
488 489 499 599
500 501 511 611
501 502 512 612
502 503 513 613
503 504 514 614
504 505 515 615
505 506 516 616
506 507 517 617
507 508 518 618
508 509 519 619
510 511 521 621
511 512 522 622
512 513 523 623
513 514 524 624
514 515 525 625
515 516 526 626
516 517 527 627
517 518 528 628
518 519 529 629
520 521 531 631
521 522 532 632
522 523 533 633
523 524 534 634
524 525 535 635
525 526 536 636
526 527 537 637
527 528 538 638
528 529 539 639
530 531 541 641
531 532 542 642
532 533 543 643
533 534 544 644
534 535 545 645
535 536 546 646
536 537 547 647
537 538 548 648
538 539 549 649
540 541 551 651
541 542 552 652
542 543 553 653
543 544 554 654
544 545 555 655
545 546 556 656
546 547 557 657
547 548 558 658
548 549 559 659
550 551 561 661
551 552 562 662
552 553 563 663
553 554 564 664
554 555 565 665
555 556 566 666
556 557 567 667
557 558 568 668
558 559 569 669
560 561 571 671
561 562 572 672
562 563 573 673
563 564 574 674
564 565 575 675
565 566 576 676
566 567 577 677
567 568 578 678
568 569 579 679
570 571 581 681
571 572 582 682
572 573 583 683
573 574 584 684
574 575 585 685
575 576 586 686
576 577 587 687
577 578 588 688
578 579 589 689
580 581 591 691
581 582 592 692
582 583 593 693
583 584 594 694
584 585 595 695
585 586 596 696
586 587 597 697
587 588 598 698
588 589 599 699
600 601 611 711
601 602 612 712
602 603 613 713
603 604 614 714
604 605 615 715
605 606 616 716
606 607 617 717
607 608 618 718
608 609 619 719
610 611 621 721
611 612 622 722
612 613 623 723
613 614 624 724
614 615 625 725
615 616 626 726
616 617 627 727
617 618 628 728
618 619 629 729
620 621 631 731
621 622 632 732
622 623 633 733
623 624 634 734
624 625 635 735
625 626 636 736
626 627 637 737
627 628 638 738
628 629 639 739
630 631 641 741
631 632 642 742
632 633 643 743
633 634 644 744
634 635 645 745
635 636 646 746
636 637 647 747
637 638 648 748
638 639 649 749
640 641 651 751
641 642 652 752
642 643 653 753
643 644 654 754
644 645 655 755
645 646 656 756
646 647 657 757
647 648 658 758
648 649 659 759
650 651 661 761
651 652 662 762
652 653 663 763
653 654 664 764
654 655 665 765
655 656 666 766
656 657 667 767
657 658 668 768
658 659 669 769
660 661 671 771
661 662 672 772
662 663 673 773
663 664 674 774
664 665 675 775
665 666 676 776
666 667 677 777
667 668 678 778
668 669 679 779
670 671 681 781
671 672 682 782
672 673 683 783
673 674 684 784
674 675 685 785
675 676 686 786
676 677 687 787
677 678 688 788
678 679 689 789
680 681 691 791
681 682 692 792
682 683 693 793
683 684 694 794
684 685 695 795
685 686 696 796
686 687 697 797
687 688 698 798
688 689 699 799
700 701 711 811
701 702 712 812
702 703 713 813
703 704 714 814
704 705 715 815
705 706 716 816
706 707 717 817
707 708 718 818
708 709 719 819
710 711 721 821
711 712 722 822
712 713 723 823
713 714 724 824
714 715 725 825
715 716 726 826
716 717 727 827
717 718 728 828
718 719 729 829
720 721 731 831
721 722 732 832
722 723 733 833
723 724 734 834
724 725 735 835
725 726 736 836
726 727 737 837
727 728 738 838
728 729 739 839
730 731 741 841
731 732 742 842
732 733 743 843
733 734 744 844
734 735 745 845
735 736 746 846
736 737 747 847
737 738 748 848
738 739 749 849
740 741 751 851
741 742 752 852
742 743 753 853
743 744 754 854
744 745 755 855
745 746 756 856
746 747 757 857
747 748 758 858
748 749 759 859
750 751 761 861
751 752 762 862
752 753 763 863
753 754 764 864
754 755 765 865
755 756 766 866
756 757 767 867
757 758 768 868
758 759 769 869
760 761 771 871
761 762 772 872
762 763 773 873
763 764 774 874
764 765 775 875
765 766 776 876
766 767 777 877
767 768 778 878
768 769 779 879
770 771 781 881
771 772 782 882
772 773 783 883
773 774 784 884
774 775 785 885
775 776 786 886
776 777 787 887
777 778 788 888
778 779 789 889
780 781 791 891
781 782 792 892
782 783 793 893
783 784 794 894
784 785 795 895
785 786 796 896
786 787 797 897
787 788 798 898
788 789 799 899
800 801 811 911
801 802 812 912
802 803 813 913
803 804 814 914
804 805 815 915
805 806 816 916
806 807 817 917
807 808 818 918
808 809 819 919
810 811 821 921
811 812 822 922
812 813 823 923
813 814 824 924
814 815 825 925
815 816 826 926
816 817 827 927
817 818 828 928
818 819 829 929
820 821 831 931
821 822 832 932
822 823 833 933
823 824 834 934
824 825 835 935
825 826 836 936
826 827 837 937
827 828 838 938
828 829 839 939
830 831 841 941
831 832 842 942
832 833 843 943
833 834 844 944
834 835 845 945
835 836 846 946
836 837 847 947
837 838 848 948
838 839 849 949
840 841 851 951
841 842 852 952
842 843 853 953
843 844 854 954
844 845 855 955
845 846 856 956
846 847 857 957
847 848 858 958
848 849 859 959
850 851 861 961
851 852 862 962
852 853 863 963
853 854 864 964
854 855 865 965
855 856 866 966
856 857 867 967
857 858 868 968
858 859 869 969
860 861 871 971
861 862 872 972
862 863 873 973
863 864 874 974
864 865 875 975
865 866 876 976
866 867 877 977
867 868 878 978
868 869 879 979
870 871 881 981
871 872 882 982
872 873 883 983
873 874 884 984
874 875 885 985
875 876 886 986
876 877 887 987
877 878 888 988
878 879 889 989
880 881 891 991
881 882 892 992
882 883 893 993
883 884 894 994
884 885 895 995
885 886 896 996
886 887 897 997
887 888 898 998
888 889 899 999
0 11 10 111
1 12 11 112
2 13 12 113
3 14 13 114
4 15 14 115
5 16 15 116
6 17 16 117
7 18 17 118
8 19 18 119
10 21 20 121
11 22 21 122
12 23 22 123
13 24 23 124
14 25 24 125
15 26 25 126
16 27 26 127
17 28 27 128
18 29 28 129
20 31 30 131
21 32 31 132
22 33 32 133
23 34 33 134
24 35 34 135
25 36 35 136
26 37 36 137
27 38 37 138
28 39 38 139
30 41 40 141
31 42 41 142
32 43 42 143
33 44 43 144
34 45 44 145
35 46 45 146
36 47 46 147
37 48 47 148
38 49 48 149
40 51 50 151
41 52 51 152
42 53 52 153
43 54 53 154
44 55 54 155
45 56 55 156
46 57 56 157
47 58 57 158
48 59 58 159
50 61 60 161
51 62 61 162
52 63 62 163
53 64 63 164
54 65 64 165
55 66 65 166
56 67 66 167
57 68 67 168
58 69 68 169
60 71 70 171
61 72 71 172
62 73 72 173
63 74 73 174
64 75 74 175
65 76 75 176
66 77 76 177
67 78 77 178
68 79 78 179
70 81 80 181
71 82 81 182
72 83 82 183
73 84 83 184
74 85 84 185
75 86 85 186
76 87 86 187
77 88 87 188
78 89 88 189
80 91 90 191
81 92 91 192
82 93 92 193
83 94 93 194
84 95 94 195
85 96 95 196
86 97 96 197
87 98 97 198
88 99 98 199
100 111 110 211
101 112 111 212
102 113 112 213
103 114 113 214
104 115 114 215
105 116 115 216
106 117 116 217
107 118 117 218
108 119 118 219
110 121 120 221
111 122 121 222
112 123 122 223
113 124 123 224
114 125 124 225
115 126 125 226
116 127 126 227
117 128 127 228
118 129 128 229
120 131 130 231
121 132 131 232
122 133 132 233
123 134 133 234
124 135 134 235
125 136 135 236
126 137 136 237
127 138 137 238
128 139 138 239
130 141 140 241
131 142 141 242
132 143 142 243
133 144 143 244
134 145 144 245
135 146 145 246
136 147 146 247
137 148 147 248
138 149 148 249
140 151 150 251
141 152 151 252
142 153 152 253
143 154 153 254
144 155 154 255
145 156 155 256
146 157 156 257
147 158 157 258
148 159 158 259
150 161 160 261
151 162 161 262
152 163 162 263
153 164 163 264
154 165 164 265
155 166 165 266
156 167 166 267
157 168 167 268
158 169 168 269
160 171 170 271
161 172 171 272
162 173 172 273
163 174 173 274
164 175 174 275
165 176 175 276
166 177 176 277
167 178 177 278
168 179 178 279
170 181 180 281
171 182 181 282
172 183 182 283
173 184 183 284
174 185 184 285
175 186 185 286
176 187 186 287
177 188 187 288
178 189 188 289
180 191 190 291
181 192 191 292
182 193 192 293
183 194 193 294
184 195 194 295
185 196 195 296
186 197 196 297
187 198 197 298
188 199 198 299
200 211 210 311
201 212 211 312
202 213 212 313
203 214 213 314
204 215 214 315
205 216 215 316
206 217 216 317
207 218 217 318
208 219 218 319
210 221 220 321
211 222 221 322
212 223 222 323
213 224 223 324
214 225 224 325
215 226 225 326
216 227 226 327
217 228 227 328
218 229 228 329
220 231 230 331
221 232 231 332
222 233 232 333
223 234 233 334
224 235 234 335
225 236 235 336
226 237 236 337
227 238 237 338
228 239 238 339
230 241 240 341
231 242 241 342
232 243 242 343
233 244 243 344
234 245 244 345
235 246 245 346
236 247 246 347
237 248 247 348
238 249 248 349
240 251 250 351
241 252 251 352
242 253 252 353
243 254 253 354
244 255 254 355
245 256 255 356
246 257 256 357
247 258 257 358
248 259 258 359
250 261 260 361
251 262 261 362
252 263 262 363
253 264 263 364
254 265 264 365
255 266 265 366
256 267 266 367
257 268 267 368
258 269 268 369
260 271 270 371
261 272 271 372
262 273 272 373
263 274 273 374
264 275 274 375
265 276 275 376
266 277 276 377
267 278 277 378
268 279 278 379
270 281 280 381
271 282 281 382
272 283 282 383
273 284 283 384
274 285 284 385
275 286 285 386
276 287 286 387
277 288 287 388
278 289 288 389
280 291 290 391
281 292 291 392
282 293 292 393
283 294 293 394
284 295 294 395
285 296 295 396
286 297 296 397
287 298 297 398
288 299 298 399
300 311 310 411
301 312 311 412
302 313 312 413
303 314 313 414
304 315 314 415
305 316 315 416
306 317 316 417
307 318 317 418
308 319 318 419
310 321 320 421
311 322 321 422
312 323 322 423
313 324 323 424
314 325 324 425
315 326 325 426
316 327 326 427
317 328 327 428
318 329 328 429
320 331 330 431
321 332 331 432
322 333 332 433
323 334 333 434
324 335 334 435
325 336 335 436
326 337 336 437
327 338 337 438
328 339 338 439
330 341 340 441
331 342 341 442
332 343 342 443
333 344 343 444
334 345 344 445
335 346 345 446
336 347 346 447
337 348 347 448
338 349 348 449
340 351 350 451
341 352 351 452
342 353 352 453
343 354 353 454
344 355 354 455
345 356 355 456
346 357 356 457
347 358 357 458
348 359 358 459
350 361 360 461
351 362 361 462
352 363 362 463
353 364 363 464
354 365 364 465
355 366 365 466
356 367 366 467
357 368 367 468
358 369 368 469
360 371 370 471
361 372 371 472
362 373 372 473
363 374 373 474
364 375 374 475
365 376 375 476
366 377 376 477
367 378 377 478
368 379 378 479
370 381 380 481
371 382 381 482
372 383 382 483
373 384 383 484
374 385 384 485
375 386 385 486
376 387 386 487
377 388 387 488
378 389 388 489
380 391 390 491
381 392 391 492
382 393 392 493
383 394 393 494
384 395 394 495
385 396 395 496
386 397 396 497
387 398 397 498
388 399 398 499
400 411 410 511
401 412 411 512
402 413 412 513
403 414 413 514
404 415 414 515
405 416 415 516
406 417 416 517
407 418 417 518
408 419 418 519
410 421 420 521
411 422 421 522
412 423 422 523
413 424 423 524
414 425 424 525
415 426 425 526
416 427 426 527
417 428 427 528
418 429 428 529
420 431 430 531
421 432 431 532
422 433 432 533
423 434 433 534
424 435 434 535
425 436 435 536
426 437 436 537
427 438 437 538
428 439 438 539
430 441 440 541
431 442 441 542
432 443 442 543
433 444 443 544
434 445 444 545
435 446 445 546
436 447 446 547
437 448 447 548
438 449 448 549
440 451 450 551
441 452 451 552
442 453 452 553
443 454 453 554
444 455 454 555
445 456 455 556
446 457 456 557
447 458 457 558
448 459 458 559
450 461 460 561
451 462 461 562
452 463 462 563
453 464 463 564
454 465 464 565
455 466 465 566
456 467 466 567
457 468 467 568
458 469 468 569
460 471 470 571
461 472 471 572
462 473 472 573
463 474 473 574
464 475 474 575
465 476 475 576
466 477 476 577
467 478 477 578
468 479 478 579
470 481 480 581
471 482 481 582
472 483 482 583
473 484 483 584
474 485 484 585
475 486 485 586
476 487 486 587
477 488 487 588
478 489 488 589
480 491 490 591
481 492 491 592
482 493 492 593
483 494 493 594
484 495 494 595
485 496 495 596
486 497 496 597
487 498 497 598
488 499 498 599
500 511 510 611
501 512 511 612
502 513 512 613
503 514 513 614
504 515 514 615
505 516 515 616
506 517 516 617
507 518 517 618
508 519 518 619
510 521 520 621
511 522 521 622
512 523 522 623
513 524 523 624
514 525 524 625
515 526 525 626
516 527 526 627
517 528 527 628
518 529 528 629
520 531 530 631
521 532 531 632
522 533 532 633
523 534 533 634
524 535 534 635
525 536 535 636
526 537 536 637
527 538 537 638
528 539 538 639
530 541 540 641
531 542 541 642
532 543 542 643
533 544 543 644
534 545 544 645
535 546 545 646
536 547 546 647
537 548 547 648
538 549 548 649
540 551 550 651
541 552 551 652
542 553 552 653
543 554 553 654
544 555 554 655
545 556 555 656
546 557 556 657
547 558 557 658
548 559 558 659
550 561 560 661
551 562 561 662
552 563 562 663
553 564 563 664
554 565 564 665
555 566 565 666
556 567 566 667
557 568 567 668
558 569 568 669
560 571 570 671
561 572 571 672
562 573 572 673
563 574 573 674
564 575 574 675
565 576 575 676
566 577 576 677
567 578 577 678
568 579 578 679
570 581 580 681
571 582 581 682
572 583 582 683
573 584 583 684
574 585 584 685
575 586 585 686
576 587 586 687
577 588 587 688
578 589 588 689
580 591 590 691
581 592 591 692
582 593 592 693
583 594 593 694
584 595 594 695
585 596 595 696
586 597 596 697
587 598 597 698
588 599 598 699
600 611 610 711
601 612 611 712
602 613 612 713
603 614 613 714
604 615 614 715
605 616 615 716
606 617 616 717
607 618 617 718
608 619 618 719
610 621 620 721
611 622 621 722
612 623 622 723
613 624 623 724
614 625 624 725
615 626 625 726
616 627 626 727
617 628 627 728
618 629 628 729
620 631 630 731
621 632 631 732
622 633 632 733
623 634 633 734
624 635 634 735
625 636 635 736
626 637 636 737
627 638 637 738
628 639 638 739
630 641 640 741
631 642 641 742
632 643 642 743
633 644 643 744
634 645 644 745
635 646 645 746
636 647 646 747
637 648 647 748
638 649 648 749
640 651 650 751
641 652 651 752
642 653 652 753
643 654 653 754
644 655 654 755
645 656 655 756
646 657 656 757
647 658 657 758
648 659 658 759
650 661 660 761
651 662 661 762
652 663 662 763
653 664 663 764
654 665 664 765
655 666 665 766
656 667 666 767
657 668 667 768
658 669 668 769
660 671 670 771
661 672 671 772
662 673 672 773
663 674 673 774
664 675 674 775
665 676 675 776
666 677 676 777
667 678 677 778
668 679 678 779
670 681 680 781
671 682 681 782
672 683 682 783
673 684 683 784
674 685 684 785
675 686 685 786
676 687 686 787
677 688 687 788
678 689 688 789
680 691 690 791
681 692 691 792
682 693 692 793
683 694 693 794
684 695 694 795
685 696 695 796
686 697 696 797
687 698 697 798
688 699 698 799
700 711 710 811
701 712 711 812
702 713 712 813
703 714 713 814
704 715 714 815
705 716 715 816
706 717 716 817
707 718 717 818
708 719 718 819
710 721 720 821
711 722 721 822
712 723 722 823
713 724 723 824
714 725 724 825
715 726 725 826
716 727 726 827
717 728 727 828
718 729 728 829
720 731 730 831
721 732 731 832
722 733 732 833
723 734 733 834
724 735 734 835
725 736 735 836
726 737 736 837
727 738 737 838
728 739 738 839
730 741 740 841
731 742 741 842
732 743 742 843
733 744 743 844
734 745 744 845
735 746 745 846
736 747 746 847
737 748 747 848
738 749 748 849
740 751 750 851
741 752 751 852
742 753 752 853
743 754 753 854
744 755 754 855
745 756 755 856
746 757 756 857
747 758 757 858
748 759 758 859
750 761 760 861
751 762 761 862
752 763 762 863
753 764 763 864
754 765 764 865
755 766 765 866
756 767 766 867
757 768 767 868
758 769 768 869
760 771 770 871
761 772 771 872
762 773 772 873
763 774 773 874
764 775 774 875
765 776 775 876
766 777 776 877
767 778 777 878
768 779 778 879
770 781 780 881
771 782 781 882
772 783 782 883
773 784 783 884
774 785 784 885
775 786 785 886
776 787 786 887
777 788 787 888
778 789 788 889
780 791 790 891
781 792 791 892
782 793 792 893
783 794 793 894
784 795 794 895
785 796 795 896
786 797 796 897
787 798 797 898
788 799 798 899
800 811 810 911
801 812 811 912
802 813 812 913
803 814 813 914
804 815 814 915
805 816 815 916
806 817 816 917
807 818 817 918
808 819 818 919
810 821 820 921
811 822 821 922
812 823 822 923
813 824 823 924
814 825 824 925
815 826 825 926
816 827 826 927
817 828 827 928
818 829 828 929
820 831 830 931
821 832 831 932
822 833 832 933
823 834 833 934
824 835 834 935
825 836 835 936
826 837 836 937
827 838 837 938
828 839 838 939
830 841 840 941
831 842 841 942
832 843 842 943
833 844 843 944
834 845 844 945
835 846 845 946
836 847 846 947
837 848 847 948
838 849 848 949
840 851 850 951
841 852 851 952
842 853 852 953
843 854 853 954
844 855 854 955
845 856 855 956
846 857 856 957
847 858 857 958
848 859 858 959
850 861 860 961
851 862 861 962
852 863 862 963
853 864 863 964
854 865 864 965
855 866 865 966
856 867 866 967
857 868 867 968
858 869 868 969
860 871 870 971
861 872 871 972
862 873 872 973
863 874 873 974
864 875 874 975
865 876 875 976
866 877 876 977
867 878 877 978
868 879 878 979
870 881 880 981
871 882 881 982
872 883 882 983
873 884 883 984
874 885 884 985
875 886 885 986
876 887 886 987
877 888 887 988
878 889 888 989
880 891 890 991
881 892 891 992
882 893 892 993
883 894 893 994
884 895 894 995
885 896 895 996
886 897 896 997
887 898 897 998
888 899 898 999
0 110 100 111
1 111 101 112
2 112 102 113
3 113 103 114
4 114 104 115
5 115 105 116
6 116 106 117
7 117 107 118
8 118 108 119
10 120 110 121
11 121 111 122
12 122 112 123
13 123 113 124
14 124 114 125
15 125 115 126
16 126 116 127
17 127 117 128
18 128 118 129
20 130 120 131
21 131 121 132
22 132 122 133
23 133 123 134
24 134 124 135
25 135 125 136
26 136 126 137
27 137 127 138
28 138 128 139
30 140 130 141
31 141 131 142
32 142 132 143
33 143 133 144
34 144 134 145
35 145 135 146
36 146 136 147
37 147 137 148
38 148 138 149
40 150 140 151
41 151 141 152
42 152 142 153
43 153 143 154
44 154 144 155
45 155 145 156
46 156 146 157
47 157 147 158
48 158 148 159
50 160 150 161
51 161 151 162
52 162 152 163
53 163 153 164
54 164 154 165
55 165 155 166
56 166 156 167
57 167 157 168
58 168 158 169
60 170 160 171
61 171 161 172
62 172 162 173
63 173 163 174
64 174 164 175
65 175 165 176
66 176 166 177
67 177 167 178
68 178 168 179
70 180 170 181
71 181 171 182
72 182 172 183
73 183 173 184
74 184 174 185
75 185 175 186
76 186 176 187
77 187 177 188
78 188 178 189
80 190 180 191
81 191 181 192
82 192 182 193
83 193 183 194
84 194 184 195
85 195 185 196
86 196 186 197
87 197 187 198
88 198 188 199
100 210 200 211
101 211 201 212
102 212 202 213
103 213 203 214
104 214 204 215
105 215 205 216
106 216 206 217
107 217 207 218
108 218 208 219
110 220 210 221
111 221 211 222
112 222 212 223
113 223 213 224
114 224 214 225
115 225 215 226
116 226 216 227
117 227 217 228
118 228 218 229
120 230 220 231
121 231 221 232
122 232 222 233
123 233 223 234
124 234 224 235
125 235 225 236
126 236 226 237
127 237 227 238
128 238 228 239
130 240 230 241
131 241 231 242
132 242 232 243
133 243 233 244
134 244 234 245
135 245 235 246
136 246 236 247
137 247 237 248
138 248 238 249
140 250 240 251
141 251 241 252
142 252 242 253
143 253 243 254
144 254 244 255
145 255 245 256
146 256 246 257
147 257 247 258
148 258 248 259
150 260 250 261
151 261 251 262
152 262 252 263
153 263 253 264
154 264 254 265
155 265 255 266
156 266 256 267
157 267 257 268
158 268 258 269
160 270 260 271
161 271 261 272
162 272 262 273
163 273 263 274
164 274 264 275
165 275 265 276
166 276 266 277
167 277 267 278
168 278 268 279
170 280 270 281
171 281 271 282
172 282 272 283
173 283 273 284
174 284 274 285
175 285 275 286
176 286 276 287
177 287 277 288
178 288 278 289
180 290 280 291
181 291 281 292
182 292 282 293
183 293 283 294
184 294 284 295
185 295 285 296
186 296 286 297
187 297 287 298
188 298 288 299
200 310 300 311
201 311 301 312
202 312 302 313
203 313 303 314
204 314 304 315
205 315 305 316
206 316 306 317
207 317 307 318
208 318 308 319
210 320 310 321
211 321 311 322
212 322 312 323
213 323 313 324
214 324 314 325
215 325 315 326
216 326 316 327
217 327 317 328
218 328 318 329
220 330 320 331
221 331 321 332
222 332 322 333
223 333 323 334
224 334 324 335
225 335 325 336
226 336 326 337
227 337 327 338
228 338 328 339
230 340 330 341
231 341 331 342
232 342 332 343
233 343 333 344
234 344 334 345
235 345 335 346
236 346 336 347
237 347 337 348
238 348 338 349
240 350 340 351
241 351 341 352
242 352 342 353
243 353 343 354
244 354 344 355
245 355 345 356
246 356 346 357
247 357 347 358
248 358 348 359
250 360 350 361
251 361 351 362
252 362 352 363
253 363 353 364
254 364 354 365
255 365 355 366
256 366 356 367
257 367 357 368
258 368 358 369
260 370 360 371
261 371 361 372
262 372 362 373
263 373 363 374
264 374 364 375
265 375 365 376
266 376 366 377
267 377 367 378
268 378 368 379
270 380 370 381
271 381 371 382
272 382 372 383
273 383 373 384
274 384 374 385
275 385 375 386
276 386 376 387
277 387 377 388
278 388 378 389
280 390 380 391
281 391 381 392
282 392 382 393
283 393 383 394
284 394 384 395
285 395 385 396
286 396 386 397
287 397 387 398
288 398 388 399
300 410 400 411
301 411 401 412
302 412 402 413
303 413 403 414
304 414 404 415
305 415 405 416
306 416 406 417
307 417 407 418
308 418 408 419
310 420 410 421
311 421 411 422
312 422 412 423
313 423 413 424
314 424 414 425
315 425 415 426
316 426 416 427
317 427 417 428
318 428 418 429
320 430 420 431
321 431 421 432
322 432 422 433
323 433 423 434
324 434 424 435
325 435 425 436
326 436 426 437
327 437 427 438
328 438 428 439
330 440 430 441
331 441 431 442
332 442 432 443
333 443 433 444
334 444 434 445
335 445 435 446
336 446 436 447
337 447 437 448
338 448 438 449
340 450 440 451
341 451 441 452
342 452 442 453
343 453 443 454
344 454 444 455
345 455 445 456
346 456 446 457
347 457 447 458
348 458 448 459
350 460 450 461
351 461 451 462
352 462 452 463
353 463 453 464
354 464 454 465
355 465 455 466
356 466 456 467
357 467 457 468
358 468 458 469
360 470 460 471
361 471 461 472
362 472 462 473
363 473 463 474
364 474 464 475
365 475 465 476
366 476 466 477
367 477 467 478
368 478 468 479
370 480 470 481
371 481 471 482
372 482 472 483
373 483 473 484
374 484 474 485
375 485 475 486
376 486 476 487
377 487 477 488
378 488 478 489
380 490 480 491
381 491 481 492
382 492 482 493
383 493 483 494
384 494 484 495
385 495 485 496
386 496 486 497
387 497 487 498
388 498 488 499
400 510 500 511
401 511 501 512
402 512 502 513
403 513 503 514
404 514 504 515
405 515 505 516
406 516 506 517
407 517 507 518
408 518 508 519
410 520 510 521
411 521 511 522
412 522 512 523
413 523 513 524
414 524 514 525
415 525 515 526
416 526 516 527
417 527 517 528
418 528 518 529
420 530 520 531
421 531 521 532
422 532 522 533
423 533 523 534
424 534 524 535
425 535 525 536
426 536 526 537
427 537 527 538
428 538 528 539
430 540 530 541
431 541 531 542
432 542 532 543
433 543 533 544
434 544 534 545
435 545 535 546
436 546 536 547
437 547 537 548
438 548 538 549
440 550 540 551
441 551 541 552
442 552 542 553
443 553 543 554
444 554 544 555
445 555 545 556
446 556 546 557
447 557 547 558
448 558 548 559
450 560 550 561
451 561 551 562
452 562 552 563
453 563 553 564
454 564 554 565
455 565 555 566
456 566 556 567
457 567 557 568
458 568 558 569
460 570 560 571
461 571 561 572
462 572 562 573
463 573 563 574
464 574 564 575
465 575 565 576
466 576 566 577
467 577 567 578
468 578 568 579
470 580 570 581
471 581 571 582
472 582 572 583
473 583 573 584
474 584 574 585
475 585 575 586
476 586 576 587
477 587 577 588
478 588 578 589
480 590 580 591
481 591 581 592
482 592 582 593
483 593 583 594
484 594 584 595
485 595 585 596
486 596 586 597
487 597 587 598
488 598 588 599
500 610 600 611
501 611 601 612
502 612 602 613
503 613 603 614
504 614 604 615
505 615 605 616
506 616 606 617
507 617 607 618
508 618 608 619
510 620 610 621
511 621 611 622
512 622 612 623
513 623 613 624
514 624 614 625
515 625 615 626
516 626 616 627
517 627 617 628
518 628 618 629
520 630 620 631
521 631 621 632
522 632 622 633
523 633 623 634
524 634 624 635
525 635 625 636
526 636 626 637
527 637 627 638
528 638 628 639
530 640 630 641
531 641 631 642
532 642 632 643
533 643 633 644
534 644 634 645
535 645 635 646
536 646 636 647
537 647 637 648
538 648 638 649
540 650 640 651
541 651 641 652
542 652 642 653
543 653 643 654
544 654 644 655
545 655 645 656
546 656 646 657
547 657 647 658
548 658 648 659
550 660 650 661
551 661 651 662
552 662 652 663
553 663 653 664
554 664 654 665
555 665 655 666
556 666 656 667
557 667 657 668
558 668 658 669
560 670 660 671
561 671 661 672
562 672 662 673
563 673 663 674
564 674 664 675
565 675 665 676
566 676 666 677
567 677 667 678
568 678 668 679
570 680 670 681
571 681 671 682
572 682 672 683
573 683 673 684
574 684 674 685
575 685 675 686
576 686 676 687
577 687 677 688
578 688 678 689
580 690 680 691
581 691 681 692
582 692 682 693
583 693 683 694
584 694 684 695
585 695 685 696
586 696 686 697
587 697 687 698
588 698 688 699
600 710 700 711
601 711 701 712
602 712 702 713
603 713 703 714
604 714 704 715
605 715 705 716
606 716 706 717
607 717 707 718
608 718 708 719
610 720 710 721
611 721 711 722
612 722 712 723
613 723 713 724
614 724 714 725
615 725 715 726
616 726 716 727
617 727 717 728
618 728 718 729
620 730 720 731
621 731 721 732
622 732 722 733
623 733 723 734
624 734 724 735
625 735 725 736
626 736 726 737
627 737 727 738
628 738 728 739
630 740 730 741
631 741 731 742
632 742 732 743
633 743 733 744
634 744 734 745
635 745 735 746
636 746 736 747
637 747 737 748
638 748 738 749
640 750 740 751
641 751 741 752
642 752 742 753
643 753 743 754
644 754 744 755
645 755 745 756
646 756 746 757
647 757 747 758
648 758 748 759
650 760 750 761
651 761 751 762
652 762 752 763
653 763 753 764
654 764 754 765
655 765 755 766
656 766 756 767
657 767 757 768
658 768 758 769
660 770 760 771
661 771 761 772
662 772 762 773
663 773 763 774
664 774 764 775
665 775 765 776
666 776 766 777
667 777 767 778
668 778 768 779
670 780 770 781
671 781 771 782
672 782 772 783
673 783 773 784
674 784 774 785
675 785 775 786
676 786 776 787
677 787 777 788
678 788 778 789
680 790 780 791
681 791 781 792
682 792 782 793
683 793 783 794
684 794 784 795
685 795 785 796
686 796 786 797
687 797 787 798
688 798 788 799
700 810 800 811
701 811 801 812
702 812 802 813
703 813 803 814
704 814 804 815
705 815 805 816
706 816 806 817
707 817 807 818
708 818 808 819
710 820 810 821
711 821 811 822
712 822 812 823
713 823 813 824
714 824 814 825
715 825 815 826
716 826 816 827
717 827 817 828
718 828 818 829
720 830 820 831
721 831 821 832
722 832 822 833
723 833 823 834
724 834 824 835
725 835 825 836
726 836 826 837
727 837 827 838
728 838 828 839
730 840 830 841
731 841 831 842
732 842 832 843
733 843 833 844
734 844 834 845
735 845 835 846
736 846 836 847
737 847 837 848
738 848 838 849
740 850 840 851
741 851 841 852
742 852 842 853
743 853 843 854
744 854 844 855
745 855 845 856
746 856 846 857
747 857 847 858
748 858 848 859
750 860 850 861
751 861 851 862
752 862 852 863
753 863 853 864
754 864 854 865
755 865 855 866
756 866 856 867
757 867 857 868
758 868 858 869
760 870 860 871
761 871 861 872
762 872 862 873
763 873 863 874
764 874 864 875
765 875 865 876
766 876 866 877
767 877 867 878
768 878 868 879
770 880 870 881
771 881 871 882
772 882 872 883
773 883 873 884
774 884 874 885
775 885 875 886
776 886 876 887
777 887 877 888
778 888 878 889
780 890 880 891
781 891 881 892
782 892 882 893
783 893 883 894
784 894 884 895
785 895 885 896
786 896 886 897
787 897 887 898
788 898 888 899
800 910 900 911
801 911 901 912
802 912 902 913
803 913 903 914
804 914 904 915
805 915 905 916
806 916 906 917
807 917 907 918
808 918 908 919
810 920 910 921
811 921 911 922
812 922 912 923
813 923 913 924
814 924 914 925
815 925 915 926
816 926 916 927
817 927 917 928
818 928 918 929
820 930 920 931
821 931 921 932
822 932 922 933
823 933 923 934
824 934 924 935
825 935 925 936
826 936 926 937
827 937 927 938
828 938 928 939
830 940 930 941
831 941 931 942
832 942 932 943
833 943 933 944
834 944 934 945
835 945 935 946
836 946 936 947
837 947 937 948
838 948 938 949
840 950 940 951
841 951 941 952
842 952 942 953
843 953 943 954
844 954 944 955
845 955 945 956
846 956 946 957
847 957 947 958
848 958 948 959
850 960 950 961
851 961 951 962
852 962 952 963
853 963 953 964
854 964 954 965
855 965 955 966
856 966 956 967
857 967 957 968
858 968 958 969
860 970 960 971
861 971 961 972
862 972 962 973
863 973 963 974
864 974 964 975
865 975 965 976
866 976 966 977
867 977 967 978
868 978 968 979
870 980 970 981
871 981 971 982
872 982 972 983
873 983 973 984
874 984 974 985
875 985 975 986
876 986 976 987
877 987 977 988
878 988 978 989
880 990 980 991
881 991 981 992
882 992 982 993
883 993 983 994
884 994 984 995
885 995 985 996
886 996 986 997
887 997 987 998
888 998 988 999
0 10 110 111
1 11 111 112
2 12 112 113
3 13 113 114
4 14 114 115
5 15 115 116
6 16 116 117
7 17 117 118
8 18 118 119
10 20 120 121
11 21 121 122
12 22 122 123
13 23 123 124
14 24 124 125
15 25 125 126
16 26 126 127
17 27 127 128
18 28 128 129
20 30 130 131
21 31 131 132
22 32 132 133
23 33 133 134
24 34 134 135
25 35 135 136
26 36 136 137
27 37 137 138
28 38 138 139
30 40 140 141
31 41 141 142
32 42 142 143
33 43 143 144
34 44 144 145
35 45 145 146
36 46 146 147
37 47 147 148
38 48 148 149
40 50 150 151
41 51 151 152
42 52 152 153
43 53 153 154
44 54 154 155
45 55 155 156
46 56 156 157
47 57 157 158
48 58 158 159
50 60 160 161
51 61 161 162
52 62 162 163
53 63 163 164
54 64 164 165
55 65 165 166
56 66 166 167
57 67 167 168
58 68 168 169
60 70 170 171
61 71 171 172
62 72 172 173
63 73 173 174
64 74 174 175
65 75 175 176
66 76 176 177
67 77 177 178
68 78 178 179
70 80 180 181
71 81 181 182
72 82 182 183
73 83 183 184
74 84 184 185
75 85 185 186
76 86 186 187
77 87 187 188
78 88 188 189
80 90 190 191
81 91 191 192
82 92 192 193
83 93 193 194
84 94 194 195
85 95 195 196
86 96 196 197
87 97 197 198
88 98 198 199
100 110 210 211
101 111 211 212
102 112 212 213
103 113 213 214
104 114 214 215
105 115 215 216
106 116 216 217
107 117 217 218
108 118 218 219
110 120 220 221
111 121 221 222
112 122 222 223
113 123 223 224
114 124 224 225
115 125 225 226
116 126 226 227
117 127 227 228
118 128 228 229
120 130 230 231
121 131 231 232
122 132 232 233
123 133 233 234
124 134 234 235
125 135 235 236
126 136 236 237
127 137 237 238
128 138 238 239
130 140 240 241
131 141 241 242
132 142 242 243
133 143 243 244
134 144 244 245
135 145 245 246
136 146 246 247
137 147 247 248
138 148 248 249
140 150 250 251
141 151 251 252
142 152 252 253
143 153 253 254
144 154 254 255
145 155 255 256
146 156 256 257
147 157 257 258
148 158 258 259
150 160 260 261
151 161 261 262
152 162 262 263
153 163 263 264
154 164 264 265
155 165 265 266
156 166 266 267
157 167 267 268
158 168 268 269
160 170 270 271
161 171 271 272
162 172 272 273
163 173 273 274
164 174 274 275
165 175 275 276
166 176 276 277
167 177 277 278
168 178 278 279
170 180 280 281
171 181 281 282
172 182 282 283
173 183 283 284
174 184 284 285
175 185 285 286
176 186 286 287
177 187 287 288
178 188 288 289
180 190 290 291
181 191 291 292
182 192 292 293
183 193 293 294
184 194 294 295
185 195 295 296
186 196 296 297
187 197 297 298
188 198 298 299
200 210 310 311
201 211 311 312
202 212 312 313
203 213 313 314
204 214 314 315
205 215 315 316
206 216 316 317
207 217 317 318
208 218 318 319
210 220 320 321
211 221 321 322
212 222 322 323
213 223 323 324
214 224 324 325
215 225 325 326
216 226 326 327
217 227 327 328
218 228 328 329
220 230 330 331
221 231 331 332
222 232 332 333
223 233 333 334
224 234 334 335
225 235 335 336
226 236 336 337
227 237 337 338
228 238 338 339
230 240 340 341
231 241 341 342
232 242 342 343
233 243 343 344
234 244 344 345
235 245 345 346
236 246 346 347
237 247 347 348
238 248 348 349
240 250 350 351
241 251 351 352
242 252 352 353
243 253 353 354
244 254 354 355
245 255 355 356
246 256 356 357
247 257 357 358
248 258 358 359
250 260 360 361
251 261 361 362
252 262 362 363
253 263 363 364
254 264 364 365
255 265 365 366
256 266 366 367
257 267 367 368
258 268 368 369
260 270 370 371
261 271 371 372
262 272 372 373
263 273 373 374
264 274 374 375
265 275 375 376
266 276 376 377
267 277 377 378
268 278 378 379
270 280 380 381
271 281 381 382
272 282 382 383
273 283 383 384
274 284 384 385
275 285 385 386
276 286 386 387
277 287 387 388
278 288 388 389
280 290 390 391
281 291 391 392
282 292 392 393
283 293 393 394
284 294 394 395
285 295 395 396
286 296 396 397
287 297 397 398
288 298 398 399
300 310 410 411
301 311 411 412
302 312 412 413
303 313 413 414
304 314 414 415
305 315 415 416
306 316 416 417
307 317 417 418
308 318 418 419
310 320 420 421
311 321 421 422
312 322 422 423
313 323 423 424
314 324 424 425
315 325 425 426
316 326 426 427
317 327 427 428
318 328 428 429
320 330 430 431
321 331 431 432
322 332 432 433
323 333 433 434
324 334 434 435
325 335 435 436
326 336 436 437
327 337 437 438
328 338 438 439
330 340 440 441
331 341 441 442
332 342 442 443
333 343 443 444
334 344 444 445
335 345 445 446
336 346 446 447
337 347 447 448
338 348 448 449
340 350 450 451
341 351 451 452
342 352 452 453
343 353 453 454
344 354 454 455
345 355 455 456
346 356 456 457
347 357 457 458
348 358 458 459
350 360 460 461
351 361 461 462
352 362 462 463
353 363 463 464
354 364 464 465
355 365 465 466
356 366 466 467
357 367 467 468
358 368 468 469
360 370 470 471
361 371 471 472
362 372 472 473
363 373 473 474
364 374 474 475
365 375 475 476
366 376 476 477
367 377 477 478
368 378 478 479
370 380 480 481
371 381 481 482
372 382 482 483
373 383 483 484
374 384 484 485
375 385 485 486
376 386 486 487
377 387 487 488
378 388 488 489
380 390 490 491
381 391 491 492
382 392 492 493
383 393 493 494
384 394 494 495
385 395 495 496
386 396 496 497
387 397 497 498
388 398 498 499
400 410 510 511
401 411 511 512
402 412 512 513
403 413 513 514
404 414 514 515
405 415 515 516
406 416 516 517
407 417 517 518
408 418 518 519
410 420 520 521
411 421 521 522
412 422 522 523
413 423 523 524
414 424 524 525
415 425 525 526
416 426 526 527
417 427 527 528
418 428 528 529
420 430 530 531
421 431 531 532
422 432 532 533
423 433 533 534
424 434 534 535
425 435 535 536
426 436 536 537
427 437 537 538
428 438 538 539
430 440 540 541
431 441 541 542
432 442 542 543
433 443 543 544
434 444 544 545
435 445 545 546
436 446 546 547
437 447 547 548
438 448 548 549
440 450 550 551
441 451 551 552
442 452 552 553
443 453 553 554
444 454 554 555
445 455 555 556
446 456 556 557
447 457 557 558
448 458 558 559
450 460 560 561
451 461 561 562
452 462 562 563
453 463 563 564
454 464 564 565
455 465 565 566
456 466 566 567
457 467 567 568
458 468 568 569
460 470 570 571
461 471 571 572
462 472 572 573
463 473 573 574
464 474 574 575
465 475 575 576
466 476 576 577
467 477 577 578
468 478 578 579
470 480 580 581
471 481 581 582
472 482 582 583
473 483 583 584
474 484 584 585
475 485 585 586
476 486 586 587
477 487 587 588
478 488 588 589
480 490 590 591
481 491 591 592
482 492 592 593
483 493 593 594
484 494 594 595
485 495 595 596
486 496 596 597
487 497 597 598
488 498 598 599
500 510 610 611
501 511 611 612
502 512 612 613
503 513 613 614
504 514 614 615
505 515 615 616
506 516 616 617
507 517 617 618
508 518 618 619
510 520 620 621
511 521 621 622
512 522 622 623
513 523 623 624
514 524 624 625
515 525 625 626
516 526 626 627
517 527 627 628
518 528 628 629
520 530 630 631
521 531 631 632
522 532 632 633
523 533 633 634
524 534 634 635
525 535 635 636
526 536 636 637
527 537 637 638
528 538 638 639
530 540 640 641
531 541 641 642
532 542 642 643
533 543 643 644
534 544 644 645
535 545 645 646
536 546 646 647
537 547 647 648
538 548 648 649
540 550 650 651
541 551 651 652
542 552 652 653
543 553 653 654
544 554 654 655
545 555 655 656
546 556 656 657
547 557 657 658
548 558 658 659
550 560 660 661
551 561 661 662
552 562 662 663
553 563 663 664
554 564 664 665
555 565 665 666
556 566 666 667
557 567 667 668
558 568 668 669
560 570 670 671
561 571 671 672
562 572 672 673
563 573 673 674
564 574 674 675
565 575 675 676
566 576 676 677
567 577 677 678
568 578 678 679
570 580 680 681
571 581 681 682
572 582 682 683
573 583 683 684
574 584 684 685
575 585 685 686
576 586 686 687
577 587 687 688
578 588 688 689
580 590 690 691
581 591 691 692
582 592 692 693
583 593 693 694
584 594 694 695
585 595 695 696
586 596 696 697
587 597 697 698
588 598 698 699
600 610 710 711
601 611 711 712
602 612 712 713
603 613 713 714
604 614 714 715
605 615 715 716
606 616 716 717
607 617 717 718
608 618 718 719
610 620 720 721
611 621 721 722
612 622 722 723
613 623 723 724
614 624 724 725
615 625 725 726
616 626 726 727
617 627 727 728
618 628 728 729
620 630 730 731
621 631 731 732
622 632 732 733
623 633 733 734
624 634 734 735
625 635 735 736
626 636 736 737
627 637 737 738
628 638 738 739
630 640 740 741
631 641 741 742
632 642 742 743
633 643 743 744
634 644 744 745
635 645 745 746
636 646 746 747
637 647 747 748
638 648 748 749
640 650 750 751
641 651 751 752
642 652 752 753
643 653 753 754
644 654 754 755
645 655 755 756
646 656 756 757
647 657 757 758
648 658 758 759
650 660 760 761
651 661 761 762
652 662 762 763
653 663 763 764
654 664 764 765
655 665 765 766
656 666 766 767
657 667 767 768
658 668 768 769
660 670 770 771
661 671 771 772
662 672 772 773
663 673 773 774
664 674 774 775
665 675 775 776
666 676 776 777
667 677 777 778
668 678 778 779
670 680 780 781
671 681 781 782
672 682 782 783
673 683 783 784
674 684 784 785
675 685 785 786
676 686 786 787
677 687 787 788
678 688 788 789
680 690 790 791
681 691 791 792
682 692 792 793
683 693 793 794
684 694 794 795
685 695 795 796
686 696 796 797
687 697 797 798
688 698 798 799
700 710 810 811
701 711 811 812
702 712 812 813
703 713 813 814
704 714 814 815
705 715 815 816
706 716 816 817
707 717 817 818
708 718 818 819
710 720 820 821
711 721 821 822
712 722 822 823
713 723 823 824
714 724 824 825
715 725 825 826
716 726 826 827
717 727 827 828
718 728 828 829
720 730 830 831
721 731 831 832
722 732 832 833
723 733 833 834
724 734 834 835
725 735 835 836
726 736 836 837
727 737 837 838
728 738 838 839
730 740 840 841
731 741 841 842
732 742 842 843
733 743 843 844
734 744 844 845
735 745 845 846
736 746 846 847
737 747 847 848
738 748 848 849
740 750 850 851
741 751 851 852
742 752 852 853
743 753 853 854
744 754 854 855
745 755 855 856
746 756 856 857
747 757 857 858
748 758 858 859
750 760 860 861
751 761 861 862
752 762 862 863
753 763 863 864
754 764 864 865
755 765 865 866
756 766 866 867
757 767 867 868
758 768 868 869
760 770 870 871
761 771 871 872
762 772 872 873
763 773 873 874
764 774 874 875
765 775 875 876
766 776 876 877
767 777 877 878
768 778 878 879
770 780 880 881
771 781 881 882
772 782 882 883
773 783 883 884
774 784 884 885
775 785 885 886
776 786 886 887
777 787 887 888
778 788 888 889
780 790 890 891
781 791 891 892
782 792 892 893
783 793 893 894
784 794 894 895
785 795 895 896
786 796 896 897
787 797 897 898
788 798 898 899
800 810 910 911
801 811 911 912
802 812 912 913
803 813 913 914
804 814 914 915
805 815 915 916
806 816 916 917
807 817 917 918
808 818 918 919
810 820 920 921
811 821 921 922
812 822 922 923
813 823 923 924
814 824 924 925
815 825 925 926
816 826 926 927
817 827 927 928
818 828 928 929
820 830 930 931
821 831 931 932
822 832 932 933
823 833 933 934
824 834 934 935
825 835 935 936
826 836 936 937
827 837 937 938
828 838 938 939
830 840 940 941
831 841 941 942
832 842 942 943
833 843 943 944
834 844 944 945
835 845 945 946
836 846 946 947
837 847 947 948
838 848 948 949
840 850 950 951
841 851 951 952
842 852 952 953
843 853 953 954
844 854 954 955
845 855 955 956
846 856 956 957
847 857 957 958
848 858 958 959
850 860 960 961
851 861 961 962
852 862 962 963
853 863 963 964
854 864 964 965
855 865 965 966
856 866 966 967
857 867 967 968
858 868 968 969
860 870 970 971
861 871 971 972
862 872 972 973
863 873 973 974
864 874 974 975
865 875 975 976
866 876 976 977
867 877 977 978
868 878 978 979
870 880 980 981
871 881 981 982
872 882 982 983
873 883 983 984
874 884 984 985
875 885 985 986
876 886 986 987
877 887 987 988
878 888 988 989
880 890 990 991
881 891 991 992
882 892 992 993
883 893 993 994
884 894 994 995
885 895 995 996
886 896 996 997
887 897 997 998
888 898 998 999
