826
-0.074624 0.009918 0.020918
-0.074540 0.022163 0.021939
-0.073729 0.025990 0.033929
-0.073622 0.007878 0.038520
-0.073317 0.020122 0.008929
-0.073276 0.005837 0.008673
-0.072978 0.033388 0.023469
-0.072463 -0.006983 0.028564
-0.072302 0.018321 0.046825
-0.071835 -0.005872 0.011663
-0.071540 0.034737 0.010778
-0.071040 -0.005096 0.044120
-0.070601 0.010939 -0.003901
-0.070115 0.039356 0.041797
-0.069293 0.046206 0.029855
-0.069104 0.031287 0.053349
-0.069054 0.002278 0.056284
-0.068672 -0.018802 0.014015
-0.068590 0.027921 -0.006523
-0.068330 0.000366 -0.007502
-0.068112 0.038768 -0.001354
-0.068098 -0.022153 0.025765
-0.067233 -0.020364 0.041553
-0.066555 0.016041 -0.014886
-0.066010 0.018353 0.065526
-0.065194 0.054391 0.011589
-0.064404 -0.010080 -0.012475
-0.063985 0.059036 0.029050
-0.063958 0.048558 -0.004589
-0.063567 0.001739 0.069422
-0.063566 -0.012951 0.062270
-0.063481 -0.030371 0.037739
-0.063455 0.050306 0.053151
-0.063454 -0.022420 -0.003027
-0.063392 0.037299 0.065007
-0.063050 0.041752 -0.013216
-0.061316 0.023662 -0.024203
-0.060811 -0.034411 0.009644
-0.060359 0.061324 0.045771
-0.059907 -0.006811 -0.023403
-0.059732 0.009408 0.077533
-0.059630 -0.025129 0.060483
-0.059452 -0.039011 0.027269
-0.058997 0.010815 -0.028605
-0.058525 0.061416 -0.001705
-0.057797 0.039423 -0.024519
-0.057526 -0.014434 0.073368
-0.057004 0.070242 0.034078
-0.056955 -0.017748 -0.022340
-0.056913 0.046799 0.071787
-0.056910 0.070807 0.020461
-0.056762 -0.039421 0.046002
-0.056288 -0.034844 0.056308
-0.055604 -0.036899 -0.004812
-0.055224 0.029235 0.082185
-0.054633 -0.031085 -0.014959
-0.054409 0.055204 -0.019139
-0.053515 0.011502 0.086519
-0.052847 -0.047591 0.013961
-0.052430 0.000253 -0.036357
-0.052201 -0.011013 0.083050
-0.051832 0.074908 0.043926
-0.051658 0.026288 -0.037796
-0.051559 0.073850 0.002603
-0.051484 0.043793 0.082036
-0.051379 0.064013 0.065079
-0.050880 -0.049703 0.038106
-0.050786 -0.045848 -0.000263
-0.050786 0.039263 -0.034848
-0.050199 -0.045617 0.052606
-0.049023 -0.030844 0.074635
-0.049020 0.054105 0.078765
-0.048395 -0.041270 -0.014171
-0.048338 0.015531 -0.042736
-0.048116 -0.053944 0.024745
-0.048092 0.081924 0.029082
-0.047504 0.070827 -0.013598
-0.047150 0.023694 0.093334
-0.046911 0.074953 0.057786
-0.046533 -0.043892 0.063655
-0.046533 0.052655 -0.032892
-0.046455 0.083153 0.016071
-0.045956 -0.019362 -0.036537
-0.044637 -0.055637 0.008597
-0.044637 0.083637 0.041403
-0.044442 -0.010512 0.092410
-0.044292 0.066809 -0.023903
-0.044150 0.034562 0.094150
-0.043493 0.009918 0.097467
-0.043392 -0.001598 -0.045859
-0.042514 0.024204 -0.047846
-0.042410 -0.055442 0.049512
-0.042410 0.038512 -0.044442
-0.042410 0.083442 0.000488
-0.042183 0.067024 0.076281
-0.041720 -0.022537 0.089683
-0.040921 -0.042696 -0.023821
-0.040749 0.079749 -0.011594
-0.040294 -0.061500 0.021429
-0.039832 0.046709 0.093301
-0.039631 -0.061087 0.036804
-0.039138 -0.055220 -0.007472
-0.037407 -0.034992 0.085600
-0.037266 0.091879 0.020716
-0.036871 0.018284 0.103218
-0.036700 0.013490 -0.053481
-0.036550 0.091262 0.038747
-0.036330 -0.063637 0.011086
-0.036273 0.074561 -0.025374
-0.036208 -0.010160 0.099984
-0.036189 0.064123 -0.035788
-0.036146 -0.047696 0.074001
-0.036063 -0.035839 -0.036265
-0.035908 0.032926 0.101832
-0.035334 0.087105 0.056132
-0.034871 0.061665 0.089080
-0.034497 -0.012048 -0.050842
-0.034162 0.079044 0.072399
-0.032892 -0.057533 0.063655
-0.032725 -0.063261 0.050818
-0.032464 0.048224 -0.049008
-0.031932 0.088494 -0.009196
-0.031827 -0.024598 -0.047504
-0.031170 -0.065029 0.001438
-0.031088 0.001553 0.106650
-0.030709 0.094100 0.004080
-0.030004 0.002882 -0.057575
-0.029530 -0.029626 0.096213
-0.029300 0.033113 -0.056365
-0.029194 0.087347 0.065829
-0.027810 -0.034903 -0.044292
-0.027533 0.018592 0.109732
-0.027385 -0.070676 0.019914
-0.027232 0.098815 0.019531
-0.026985 -0.009043 0.107159
-0.026732 -0.058171 -0.020528
-0.026520 0.051846 0.101629
-0.026013 0.076034 0.084134
-0.025227 0.063270 -0.045995
-0.025050 -0.044643 0.088364
-0.024829 0.038259 0.108109
-0.024829 0.097109 0.049259
-0.024361 0.079530 -0.031676
-0.024232 -0.047591 -0.036139
-0.024008 0.100011 0.037468
-0.023846 -0.020864 0.104910
-0.023513 -0.007662 -0.059524
-0.021884 -0.073445 0.035491
-0.021787 -0.018799 -0.056913
-0.021787 0.095913 -0.007799
-0.020106 0.014000 -0.064077
-0.019783 0.002807 -0.063610
-0.019674 -0.069733 -0.005716
-0.019564 0.095762 0.060898
-0.019455 -0.057189 0.078992
-0.018937 0.065096 0.098604
-0.018937 0.087604 0.076096
-0.017897 0.050156 -0.057379
-0.017817 -0.064909 0.068796
-0.017778 -0.030295 0.103650
-0.017659 -0.071538 0.053330
-0.017235 0.092626 -0.019753
-0.015928 0.001986 0.115153
-0.015846 0.102621 0.004436
-0.015593 -0.075205 0.006116
-0.015447 0.028160 0.115014
-0.014676 -0.017657 0.110949
-0.014006 -0.062402 -0.025795
-0.013496 0.029871 -0.065638
-0.013216 -0.013752 -0.063050
-0.011859 -0.043551 0.097627
-0.011570 -0.029077 -0.057172
-0.011469 0.106292 0.036831
-0.011415 0.014000 0.117937
-0.011397 0.106899 0.025000
-0.011367 0.043858 0.112976
-0.011339 -0.078827 0.022911
-0.011031 0.058816 0.106570
-0.010317 0.089466 -0.029903
-0.008845 -0.044571 -0.048303
-0.008845 0.072571 -0.048303
-0.008348 -0.009934 0.115961
-0.008335 0.107454 0.014302
-0.007843 0.104389 0.051484
-0.007786 0.074953 0.096911
-0.007528 -0.053741 -0.040709
-0.007528 0.081741 -0.040709
-0.007472 -0.055727 0.088631
-0.007472 0.083727 0.088631
-0.007097 -0.072047 0.064192
-0.007084 0.000095 -0.068442
-0.006798 0.061102 -0.057050
-0.006176 0.100286 -0.014209
-0.005550 0.092886 0.077940
-0.005541 -0.073511 -0.012011
-0.005349 0.012980 -0.070141
-0.004925 0.100724 0.064492
-0.004843 -0.080286 0.011240
-0.004510 -0.079761 0.041800
-0.004118 0.045688 -0.065114
-0.003347 -0.028997 0.110368
-0.002973 -0.017772 -0.065505
-0.000818 -0.063261 -0.032725
-0.000776 -0.066324 0.078181
0.000719 -0.069786 -0.023623
0.000741 0.063829 0.108109
0.000778 -0.001888 0.120469
0.001187 -0.077948 0.055731
0.001225 0.053146 0.113757
0.001857 0.024659 0.121479
0.002298 0.026871 -0.071264
0.003364 -0.044494 0.103046
0.003571 0.038490 -0.069516
0.003573 0.107765 -0.001704
0.004358 0.063231 -0.059325
0.004438 -0.055150 -0.044150
0.004546 0.109399 0.045646
0.004653 -0.030890 -0.061770
0.004687 -0.007671 -0.070305
0.005105 0.079626 -0.047508
0.005305 0.094976 -0.029734
0.005612 0.009918 0.122850
0.005822 0.110639 0.008785
0.005975 0.099581 0.072818
0.006061 -0.081864 0.005025
0.006074 -0.046907 -0.051832
0.006409 0.102795 -0.016798
0.007184 -0.058751 0.090869
0.008597 0.083637 0.094637
0.008635 -0.020269 -0.067412
0.008747 -0.026400 0.114753
0.008909 0.106101 0.059992
0.008929 0.112422 0.027041
0.009117 0.050157 -0.066665
0.009141 -0.078289 -0.009535
0.009694 -0.084546 0.025383
0.009776 0.093290 0.083559
0.010587 0.005582 -0.073355
0.011086 -0.063637 -0.036330
0.011111 0.046247 0.118335
0.011253 0.075357 0.102430
0.011846 -0.012898 0.120279
0.012795 0.030566 0.122721
0.013042 0.063028 0.111048
0.013776 0.112952 0.016837
0.013791 -0.072228 -0.023972
0.013803 -0.083316 0.043488
0.013976 -0.043400 0.105849
0.014078 -0.074944 0.068882
0.014753 0.070132 -0.056933
0.014860 0.059403 -0.063440
0.015306 0.019357 -0.074268
0.015816 -0.055540 -0.046117
0.016327 0.091100 -0.037803
0.016900 -0.082402 -0.000053
0.018266 -0.042297 -0.057057
0.018323 0.104942 -0.015287
0.018878 0.012980 0.124498
0.018909 0.111275 0.003545
0.019149 0.038216 -0.071560
0.019388 -0.084762 0.011225
0.019696 -0.068089 0.081341
0.019898 0.078319 -0.051113
0.020902 0.104256 0.067459
0.020918 -0.005388 0.122850
0.020918 0.112148 0.042857
0.020950 -0.028982 0.115026
0.021174 0.091765 0.087530
0.021205 0.109365 0.054241
0.021429 -0.061500 0.090293
0.022282 -0.026092 -0.066307
0.023469 -0.053334 0.098724
0.023469 0.045797 0.119682
0.024745 0.099526 -0.026556
0.025000 -0.084020 0.044388
0.025000 -0.078937 -0.011415
0.025000 0.059106 0.114077
0.025000 0.099271 0.077061
0.025000 0.113750 0.029082
0.025128 -0.064898 -0.036149
0.025387 -0.009195 -0.072040
0.025510 0.054455 -0.066278
0.025765 0.082883 0.097222
0.026020 -0.080173 0.058264
0.026339 0.006985 -0.074564
0.026531 -0.085812 0.025255
0.026531 -0.053334 -0.048724
0.027551 0.067897 -0.059105
0.029082 0.021908 0.124414
0.029082 0.033898 0.122765
0.029098 -0.075470 0.069062
0.029329 -0.014654 0.120458
0.029539 0.070807 0.106909
0.029576 -0.035160 -0.061724
0.029974 0.026564 -0.073856
0.030028 0.087162 -0.042536
0.030357 -0.070650 -0.027505
0.030968 -0.041259 0.107815
0.031617 -0.082501 0.000547
0.033163 0.001755 0.123783
0.033163 0.112783 0.037245
0.033223 0.112727 0.013786
0.033567 0.075806 -0.053028
0.034152 0.110068 0.050792
0.034662 0.101925 0.071388
0.034726 0.054300 0.115813
0.035204 -0.051889 0.099388
0.035236 0.045686 -0.069055
0.035340 -0.026278 0.115741
0.035454 0.091745 0.086582
0.035714 -0.084841 0.016199
0.035736 -0.060477 0.090567
0.036193 0.102610 -0.019783
0.036374 0.095731 -0.031282
0.036535 -0.081389 0.051796
0.036804 -0.061087 -0.039631
0.036854 -0.084273 0.037990
0.037266 0.109001 -0.002813
0.037288 -0.048603 -0.051827
0.037296 -0.076215 -0.015773
0.037676 0.079903 0.099012
0.038233 0.041440 0.120127
0.039764 -0.071690 0.073971
0.040105 -0.018417 -0.068167
0.040306 0.014000 -0.073591
0.040628 0.105777 0.060999
0.041071 0.112485 0.027041
0.041163 -0.003123 -0.071932
0.041247 0.030805 0.122165
0.041308 0.063092 -0.060246
0.042762 0.110164 0.045140
0.042854 0.081406 -0.046474
0.043622 0.015531 0.123010
0.043719 -0.047524 0.101429
0.043798 -0.081491 0.002838
0.044795 -0.004192 0.121177
0.045345 -0.027908 -0.063375
0.045810 0.098907 0.073403
0.045871 0.040765 -0.068924
0.046737 0.068781 0.105498
0.047008 -0.019952 0.116173
0.047068 -0.083154 0.030094
0.048182 -0.035665 0.108420
0.048724 -0.042527 -0.053738
0.048844 0.050873 0.114634
0.049119 -0.075426 0.062291
0.049119 0.051291 -0.064426
0.049494 -0.054923 -0.042907
0.049512 -0.055442 0.092410
0.049512 0.083442 0.092410
0.049521 -0.071511 -0.020332
0.049770 0.029019 -0.070453
0.049798 0.004593 -0.071245
0.050054 0.110402 0.016900
0.050249 -0.065254 0.080026
0.050818 -0.063261 -0.032725
0.050818 0.091261 0.082725
0.050919 0.091256 -0.032677
0.051128 0.039087 0.118009
0.051374 0.100423 -0.017139
0.052255 0.075256 -0.049008
0.053227 0.108397 0.041075
0.053245 0.004832 0.120384
0.054092 0.074315 0.099102
0.054826 0.107518 0.007376
0.054827 0.099423 0.067017
0.055349 0.014255 -0.070119
0.056004 -0.075264 -0.007161
0.056388 0.104466 -0.003339
0.056652 -0.079910 0.013626
0.056748 -0.033340 -0.056955
0.057019 0.018229 0.119419
0.057528 0.081741 -0.040709
0.057640 -0.077004 0.049356
0.057766 0.060829 -0.056853
0.057799 0.060787 0.106914
0.058513 -0.009676 0.115991
0.059349 -0.031532 0.106988
0.059784 -0.076808 0.002098
0.060219 -0.048268 0.094445
0.060655 0.031951 0.116504
0.060723 0.102227 0.054816
0.061415 0.106937 0.025000
0.061575 0.042265 -0.063347
0.061594 -0.051749 -0.040749
0.061594 0.079749 0.090749
0.061648 -0.078810 0.023980
0.061971 -0.016607 -0.062411
0.062947 -0.067807 -0.017535
0.063420 -0.070532 0.061631
0.063598 -0.042827 -0.047504
0.063598 0.070827 -0.047504
0.063598 0.070827 0.097504
0.063937 0.046352 0.111047
0.064171 -0.059395 -0.030270
0.064171 0.087395 -0.030270
0.064171 0.087395 0.080270
0.064663 0.023742 -0.066145
0.064674 -0.017659 0.110949
0.064741 0.093419 -0.020541
0.064907 0.104414 0.038544
0.064948 -0.076653 0.036743
0.065381 -0.002432 -0.064745
0.065916 0.009823 -0.066003
0.067241 0.000487 0.114377
0.068122 -0.060466 0.075339
0.068324 0.092909 0.068289
0.068819 0.057254 0.103650
0.069342 0.054993 -0.054565
0.069507 0.016599 0.114257
0.069783 0.102610 0.013807
0.070061 -0.027762 0.103725
0.070226 -0.027762 -0.053626
0.070852 0.097624 -0.004031
0.071414 -0.071058 0.001067
0.072818 0.033025 -0.060581
0.073838 0.076301 0.085786
0.073903 0.066809 0.094293
0.075157 -0.071955 0.017873
0.075227 0.084995 0.074270
0.075265 -0.047653 -0.035150
0.075362 -0.046788 0.085950
0.075739 0.068502 -0.041385
0.076231 -0.008948 -0.057575
0.076556 0.099538 0.023469
0.076888 0.037262 0.107052
0.077439 0.022092 -0.059549
0.077512 0.004577 0.109449
0.077531 0.005087 -0.059462
0.077692 -0.032134 -0.046233
0.077791 0.079899 -0.028009
0.077889 0.091202 0.059529
0.078289 -0.065500 0.052795
0.078502 -0.057320 -0.019866
0.078502 -0.030866 0.096320
0.078776 0.042130 -0.054163
0.078807 0.048069 0.101750
0.078923 -0.017463 0.102974
0.079032 -0.020605 -0.051550
0.079194 0.054828 -0.048347
0.080171 -0.068991 0.030612
0.080709 0.094100 0.045920
0.081306 0.024406 0.106820
0.081827 -0.058505 0.063598
0.081868 0.095591 0.033110
0.081932 0.088494 -0.009196
0.082196 -0.061084 -0.007227
0.082722 -0.051749 0.073209
0.083517 -0.006176 0.103287
0.083549 0.093271 0.009521
0.084159 0.063802 0.088113
0.084702 0.074984 0.076640
0.085756 -0.063863 0.011051
0.086721 0.005178 -0.052971
0.087266 0.009716 0.102879
0.087312 -0.034827 0.085786
0.087530 0.091765 0.021174
0.087585 -0.045525 -0.024897
0.087796 0.026288 -0.051658
0.087874 -0.027347 -0.040418
0.089085 -0.042451 0.076804
0.089683 0.050537 -0.041720
0.089832 -0.060894 0.036804
0.090116 0.035870 0.097367
0.090177 -0.018500 0.093227
0.090553 0.066755 -0.028496
0.090710 -0.053741 0.057528
0.090710 0.081741 0.057528
0.091009 -0.008650 -0.046177
0.092334 -0.059724 0.023469
0.092410 0.038512 -0.044442
0.092410 0.083442 0.000488
0.092987 0.023949 0.097385
0.094150 0.083150 0.045562
0.094442 -0.053410 0.000488
0.094526 0.076160 -0.010219
0.094637 -0.002403 0.094637
0.094776 -0.034067 -0.027808
0.095124 0.084124 0.012755
0.096189 0.058455 0.078992
0.096455 0.022673 -0.044153
0.096494 0.083337 0.029719
0.097508 -0.051626 0.044895
0.097536 -0.053932 0.015306
0.097647 0.005837 -0.043042
0.098006 -0.029281 0.077389
0.098062 0.010684 0.092959
0.098303 -0.044571 0.058845
0.098303 0.072571 0.058845
0.099008 -0.043464 -0.009224
0.099491 0.041104 -0.035659
0.100500 -0.051293 0.028571
0.100625 0.030008 -0.038401
0.100819 0.040478 0.084110
0.101314 -0.010529 0.084276
0.101832 -0.046907 0.006074
0.101844 -0.004392 -0.036047
0.102853 0.024823 0.086638
0.102937 0.054385 -0.022316
0.103029 0.075806 0.016433
0.103067 0.014000 -0.037341
0.103391 -0.028709 -0.019825
0.103471 -0.018694 -0.027166
0.104167 0.057282 0.067810
0.104910 -0.020864 0.073845
0.105100 0.069709 0.004080
0.105100 0.069709 0.045920
0.105815 0.072425 0.029486
0.106187 -0.040374 0.045705
0.106903 0.046556 0.071801
0.106909 -0.042807 0.020461
0.106909 0.009461 0.081807
0.107004 -0.042242 0.034078
0.107211 0.022751 -0.030892
0.107360 -0.034729 -0.003232
0.107428 -0.032803 0.056308
0.107449 0.059964 0.057343
0.107504 0.059326 -0.008156
0.108498 0.006637 -0.029159
0.110303 -0.019425 -0.014731
0.110359 0.034771 -0.022324
0.110845 -0.005190 -0.022290
0.110845 0.033190 0.072290
0.111205 -0.010557 0.068942
0.111543 0.062986 0.016358
0.111589 0.020617 0.074021
0.112074 -0.022252 0.057570
0.113323 -0.026761 0.002866
0.113701 -0.031533 0.028037
0.113734 -0.027798 0.043846
0.113734 0.055798 0.006154
0.113760 0.059254 0.029241
0.113958 0.043589 0.059558
0.114150 0.044399 -0.007901
0.114522 0.054565 0.042334
0.114954 0.005837 -0.017857
0.115473 0.002744 0.065626
0.115601 -0.013238 -0.006592
0.116080 -0.011766 0.056705
0.116754 0.029987 0.060979
0.116771 0.017922 -0.013948
0.117367 0.030091 -0.009287
0.118293 0.046628 0.011310
0.118671 0.002911 -0.007782
0.118760 -0.016163 0.040258
0.119230 0.045914 0.034152
0.119265 0.038774 0.046404
0.119271 -0.018372 0.020376
0.119682 0.045797 0.023469
0.119693 0.014510 0.056834
0.119905 -0.008946 0.004275
0.121350 0.002791 0.048728
0.121607 0.025731 0.003131
0.121846 0.023933 0.046883
0.122509 -0.005388 0.015306
0.122808 -0.005388 0.029337
0.122818 0.033388 0.029337
0.122829 0.032367 0.016327
0.123020 0.014000 0.005612
0.123464 0.010939 0.040816
0.123686 0.005454 0.012500
0.124457 0.018082 0.016837
0.124457 0.022163 0.029082
0.124791 0.009918 0.025000
-0.002756 -0.037985 -0.054504
-0.003378 0.108641 0.017449
-0.005015 0.106629 0.006610
0.120228 0.011689 -0.000726
-0.071208 0.028846 0.044309
0.036284 -0.084557 0.027097
-0.071513 0.036090 0.031893
0.113463 0.052313 0.002596
0.116028 0.052936 0.020268
-0.056056 0.031455 -0.029521
-0.004185 0.108030 0.034340
-0.027283 0.093717 0.050831
-0.051605 0.069458 0.054507
-0.063195 0.033671 -0.015520
-0.061941 -0.000563 -0.019822
-0.063666 0.005587 -0.018047
-0.054740 -0.008938 -0.029200
-0.070502 0.008971 -0.000346
-0.061554 -0.027749 0.049117
-0.058628 -0.002522 0.075449
-0.047845 -0.000543 0.090262
-0.006810 -0.075797 -0.000347
-0.002178 0.037197 0.116673
0.000103 0.067080 0.104502
0.004764 -0.014149 0.117610
0.053267 -0.002777 -0.068340
0.105039 -0.025767 0.067480
0.102717 -0.031042 0.066847
0.098155 -0.036927 0.068116
0.030473 0.009123 0.023789
0.003055 0.059508 0.020142
0.063796 -0.008933 0.051905
0.085434 0.044398 0.015977
-0.045823 0.011720 -0.001835
0.011113 0.046440 0.087277
0.022365 -0.000635 0.075600
-0.006721 0.079611 0.046130
-0.018424 0.007557 0.043081
0.034615 0.010586 -0.025028
0.035945 -0.036975 0.012943
0.051268 0.041521 0.056699
0.071822 0.000684 0.003176
-0.002937 0.083800 0.020421
0.042864 0.056569 -0.003188
0.082895 -0.018595 0.062379
-0.023952 0.052987 0.052122
-0.009682 -0.026464 0.013673
0.094613 0.016565 0.012985
0.031658 0.075813 0.037027
0.095884 0.054395 0.005392
-0.058921 0.019182 0.002661
0.019777 -0.024566 0.093683
-0.005613 -0.002013 -0.021626
-0.015912 0.048365 -0.009393
-0.000368 0.053646 0.095801
-0.019182 0.086092 0.040660
0.014327 0.041369 -0.030778
0.029084 -0.036179 0.054332
0.071865 0.025262 -0.020566
-0.043676 0.033706 0.023045
0.022098 -0.027818 -0.021094
0.071646 -0.030027 0.023562
-0.058009 0.007480 -0.003843
-0.012381 0.021695 0.077906
0.013425 0.000127 0.098965
-0.039037 0.008122 0.060375
0.055345 -0.017483 -0.023758
0.026726 -0.057891 0.032367
0.060194 0.014787 0.079187
0.063318 0.068391 0.025103
-0.039052 0.035429 -0.007874
-0.008039 -0.013682 0.076724
-0.029159 -0.022876 0.043565
0.040517 0.004211 -0.048253
0.083270 0.039056 0.050496
-0.041232 -0.006620 -0.012418
0.048996 0.053336 0.081689
0.052259 -0.015777 0.080522
0.032967 0.029116 0.094598
0.044796 0.035158 -0.039289
0.039667 -0.061736 0.007294
0.015839 0.075820 -0.003567
0.095634 -0.023429 0.055940
-0.001209 -0.052918 0.014396
0.093728 0.012026 0.042424
0.045655 0.073179 0.061526
0.037407 -0.036105 0.079889
0.041429 0.082862 0.006541
0.062379 -0.038158 0.058328
0.017172 0.076543 0.061634
-0.047505 0.024636 0.045024
-0.025509 0.017948 -0.025850
-0.001448 -0.039573 0.060393
-0.042899 -0.005887 0.022806
-0.035324 0.066418 0.045896
-0.031987 -0.028233 0.000855
-0.005090 -0.024655 -0.033049
-0.003540 0.009678 -0.044643
0.002330 -0.044743 -0.012964
0.067182 0.003468 -0.035037
-0.047885 0.006492 -0.018225
0.040478 0.060159 -0.029896
0.100806 0.043412 0.028048
0.091751 -0.015284 0.002343
-0.001610 0.095641 0.013865
-0.026611 -0.040724 0.025860
0.060936 0.070333 -0.012770
-0.029799 0.041474 0.072242
0.108351 0.009054 0.009672
-0.001485 0.061208 -0.026409
0.061277 -0.040417 -0.002377
-0.028188 -0.002259 0.078060
0.042465 0.004285 0.096046
-0.004314 0.091527 0.034952
0.019201 0.091400 0.024561
-0.027508 0.062437 0.012287
0.013903 -0.014692 0.104640
0.075999 0.061736 0.057526
0.055354 -0.052067 0.028079
0.093088 -0.023731 0.067793
0.017398 -0.046276 0.072800
0.013798 0.028518 -0.050645
0.028918 -0.017763 -0.043323
0.086393 0.007270 -0.023124
0.062199 0.051472 -0.032423
-0.013057 0.072748 -0.005399
0.031261 -0.048716 -0.021275
0.080864 0.027304 0.076590
0.031877 0.053425 0.094587
0.018482 0.067270 0.082626
0.045907 0.088874 0.046602
-0.007785 0.064039 0.076552
0.036551 -0.058283 0.055131
0.049396 -0.035899 -0.033003
-0.009622 -0.003730 0.095560
-0.047637 -0.010069 0.046410
0.020333 0.060965 -0.038027
0.083227 -0.035249 0.005650
0.007979 -0.009770 -0.047238
0.010224 0.026916 0.099892
-0.058188 0.026838 0.027772
0.033544 0.028415 -0.056340
0.064424 0.024775 -0.041609
0.095558 -0.015917 0.032731
0.017882 -0.062870 0.009977
-0.017050 -0.007870 -0.039054
0.098230 0.001945 -0.006669
0.056911 -0.058346 0.000820
0.063857 0.037223 0.088247
-0.050379 -0.003475 0.061471
0.064875 -0.001728 0.092745
-0.053667 0.034487 -0.003652
0.053567 0.007179 -0.056308
0.009936 -0.038524 -0.033578
-0.029777 0.062365 -0.011209
0.003916 0.046866 -0.047318
0.091686 0.030481 -0.019952
0.079813 0.068490 0.010558
0.082042 -0.037272 0.047300
-0.020441 -0.052472 0.011670
0.086035 0.004223 0.073378
0.009629 -0.003896 0.110921
-0.040612 -0.024198 0.058810
-0.024457 -0.043196 0.049669
0.106256 0.025099 0.035300
-0.030512 0.025713 0.083547
0.075426 -0.027287 -0.016033
0.015757 0.092798 0.044292
-0.019748 0.070145 0.061642
0.102929 0.036432 0.005625
0.050800 -0.012920 0.099098
0.026582 0.077810 -0.022794
0.096382 0.024165 0.059638
0.053102 0.092128 0.017567
0.064155 -0.014738 -0.040723
0.085060 -0.042736 0.023093
0.020208 -0.066442 0.047375
0.030328 -0.070031 0.021562
0.062025 -0.030929 0.086729
-0.038795 0.029623 -0.026122
0.084672 0.063674 0.035577
0.068204 0.059142 0.076232
0.029301 -0.036894 -0.037859
-0.022559 0.011414 0.092984
0.064997 0.086485 0.031586
0.046980 -0.013434 -0.051153
0.040963 0.068049 0.088404
0.032166 0.083508 0.070207
-0.001778 -0.057786 0.049109
-0.044275 0.046416 0.042826
0.012446 -0.039860 0.088556
-0.024127 -0.022821 -0.030786
0.088989 0.046509 0.066609
0.107983 0.002464 0.036385
-0.021940 0.080114 0.018271
0.003753 -0.060263 -0.002279
0.050605 0.031980 0.100569
0.074345 -0.031689 0.072661
-0.045726 0.018341 0.072649
-0.040071 -0.036423 0.041699
0.097604 -0.003084 0.055636
0.104392 -0.009114 0.014388
0.064259 0.075594 0.062278
0.085321 0.028446 -0.034380
0.054313 -0.045923 0.075424
0.048452 -0.067290 0.022682
0.034173 0.097699 0.041230
-0.016565 -0.020880 0.089548
0.035101 -0.038270 0.094139
-0.051193 -0.021707 0.018700
-0.057637 0.003805 0.017949
0.012817 0.095845 0.005459
0.027386 0.013378 0.106099
-0.006698 0.032463 0.100110
-0.041454 0.058993 0.026898
-0.037577 -0.005785 -0.029463
0.033906 0.048220 -0.049452
-0.032473 0.076119 0.032273
0.010082 -0.056071 -0.022392
0.073750 0.047969 -0.007356
-0.049509 0.030825 -0.017087
-0.044499 0.037303 0.060090
-0.021874 0.048922 -0.030170
-0.037574 -0.027720 -0.015617
0.051520 -0.049355 -0.017861
0.071122 0.015386 0.095881
0.077362 0.076243 0.046484
0.053923 0.074276 0.077517
0.053759 0.061153 0.092967
0.003705 0.084617 -0.014457
-0.058204 0.033312 0.045171
-0.047939 -0.005494 0.004900
-0.018541 0.001318 0.005848
0.098163 -0.028935 0.009360
0.018922 0.042244 0.102781
0.074961 0.013644 -0.046191
-0.041371 -0.013285 0.070988
0.090303 -0.017552 -0.015249
0.109483 0.020760 -0.002172
0.040553 0.012164 0.053398
0.034039 0.043075 0.027083
0.011850 0.030238 0.002577
0.040677 -0.016862 0.034611
0.047689 0.024743 0.001111
-0.013346 0.034863 0.029325
0.018671 -0.003321 -0.002192
0.052302 0.061092 -0.041021
0.002614 -0.024854 -0.047082
-0.023625 0.008950 -0.041602
0.053579 0.000503 0.105770
0.104251 -0.014134 0.046467
0.037366 -0.020780 0.089687
0.002516 0.042535 0.104292
-0.045235 0.065706 0.037434
-0.052739 0.046780 0.028015
0.015251 -0.064575 -0.011049
0.007422 -0.014042 0.040069
0.063457 0.018815 0.029981
0.010692 0.043666 0.052715
0.010888 -0.026295 0.000534
0.041914 -0.023604 0.103131
0.028751 -0.027765 0.103689
