3136  4
475 471 445 721
150 151 190 661
622 720 687 767
462 722 482 739
192 668 163 689
633 681 638 744
614 715 597 784
520 540 541 802
295 331 357 735
513 480 500 767
439 461 422 688
606 678 677 731
5 626 581 774
265 232 278 678
570 794 704 818
100 727 669 763
586 777 175 816
316 741 631 769
615 815 680 824
363 750 349 791
87 671 99 729
462 682 432 722
168 199 157 719
349 309 356 791
604 642 632 712
716 352 402 589
436 463 425 712
706 716 397 799
116 755 709 779
622 706 688 767
645 689 668 793
676 815 734 824
423 663 402 738
690 697 315 746
82 55 96 787
80 743 634 784
54 77 57 762
650 742 379 768
96 72 101 787
479 745 681 756
330 300 326 770
616 702 660 709
154 158 118 727
271 684 269 754
645 651 607 735
416 745 385 791
546 556 553 728
352 716 402 366
300 265 278 770
368 413 364 737
98 74 100 669
516 681 488 744
592 683 646 722
66 669 74 763
418 452 414 711
169 661 146 709
144 141 575 619
662 690 624 823
634 655 597 743
546 638 534 666
531 534 506 744
605 807 602 809
672 733 552 802
171 217 201 811
211 227 170 754
160 727 158 752
336 686 293 746
426 706 397 799
632 638 604 691
101 659 135 787
100 91 119 727
676 789 760 813
283 696 314 740
495 483 510 739
687 710 540 720
553 549 539 736
637 686 602 702
553 559 549 728
637 643 602 706
282 693 267 751
312 256 273 735
612 633 604 804
60 583 675 800
600 658 619 781
539 532 546 736
481 744 473 790
182 174 133 668
383 643 351 706
457 477 459 730
277 653 263 751
629 671 601 785
147 647 176 723
305 292 339 692
285 235 246 741
665 670 607 688
634 679 623 808
504 485 494 683
365 766 396 791
329 331 302 810
574 677 232 731
379 333 342 742
223 196 231 653
369 341 386 769
357 395 399 670
488 681 467 790
128 719 157 786
133 677 619 758
43 664 39 59
633 670 651 737
664 43 39 578
361 382 400 748
595 652 625 722
625 707 595 722
635 675 636 726
442 425 463 712
267 282 228 693
315 690 347 697
611 728 557 733
495 474 483 701
339 363 375 792
206 698 173 725
434 421 379 742
617 679 634 808
280 327 284 637
344 358 321 760
56 45 80 784
351 705 324 716
687 720 500 767
467 766 431 790
441 748 444 790
609 658 94 732
607 643 620 665
692 750 339 792
619 758 600 781
753 785 32 794
53 659 33 773
522 691 493 736
601 635 627 675
421 447 405 768
167 662 152 759
777 816 209 703
301 651 317 737
650 684 311 772
60 762 675 583
674 711 452 739
259 212 210 685
683 526 646 523
67 72 53 659
140 729 136 777
412 738 423 387
184 618 155 695
481 748 744 790
271 269 227 754
599 641 621 806
84 781 658 817
448 476 789 454
294 259 251 685
434 742 464 761
556 666 557 728
538 523 536 764
118 158 160 727
398 714 411 734
577 715 18 784
313 357 359 735
596 638 633 821
627 808 609 822
3 654 16 699
76 86 108 718
56 634 80 718
618 627 598 777
654 699 629 713
344 760 692 792
644 682 631 769
332 371 362 813
679 778 623 808
197 176 235 647
513 720 492 767
662 782 690 819
101 659 83 723
126 709 146 812
433 701 457 730
291 725 628 680
213 256 258 775
161 149 121 689
441 473 467 790
43 59 73 664
172 619 144 677
314 316 274 740
639 779 755 787
1 6 2 704
526 544 529 814
480 767 458 799
618 798 243 816
731 751 653 770
651 670 413 737
644 690 603 788
114 658 619 732
602 685 637 702
452 418 440 739
621 650 615 684
588 680 181 725
595 707 625 821
8 654 3 704
152 662 135 723
809 820 610 823
321 642 289 798
595 724 608 764
109 124 134 747
376 734 340 813
351 324 366 716
493 450 479 756
598 777 703 816
136 671 618 777
79 111 118 727
192 775 668 793
252 255 225 717
640 750 692 792
608 722 683 761
665 780 302 810
129 156 117 732
516 681 638 756
144 619 133 677
651 670 607 735
168 128 150 812
559 551 549 757
206 181 162 698
598 618 243 693
16 699 654 713
672 543 560 550
643 688 622 706
534 545 546 666
103 758 619 781
287 281 329 780
148 116 122 709
526 646 523 764
506 473 481 744
361 737 694 770
33 787 639 795
34 49 54 785
112 755 82 787
373 314 345 696
589 387 402 749
41 699 30 713
652 696 389 768
476 448 789 714
645 651 612 804
263 231 268 731
497 493 525 691
113 99 136 729
273 253 793 220
542 533 552 733
738 412 423 438
615 635 599 684
649 766 365 791
659 755 662 787
197 647 235 708
97 108 121 718
461 490 498 720
520 498 490 720
418 682 440 739
599 676 642 776
601 636 635 675
177 175 136 618
668 678 606 775
173 209 221 703
559 555 551 757
210 199 168 685
616 661 602 702
622 687 663 799
205 243 208 618
341 373 401 769
701 730 667 801
603 625 605 806
265 731 678 770
450 745 479 756
654 762 629 785
579 578 43 664
555 560 554 672
594 606 600 612
605 710 667 801
674 711 603 788
62 43 73 664
348 650 379 768
632 803 604 821
41 726 713 800
488 744 681 790
412 429 438 738
342 333 297 772
3 1 2 704
232 668 244 678
206 241 588 725
269 684 227 754
663 687 453 799
354 696 322 768
457 459 420 730
475 505 471 721
532 736 509 756
622 767 688 783
492 470 480 767
641 734 676 815
697 730 630 788
339 375 344 792
546 532 516 638
267 693 653 751
603 630 605 674
466 487 482 722
595 641 608 724
124 162 134 698
333 742 379 772
145 698 166 771
451 450 416 745
547 765 527 797
329 780 346 810
546 545 556 728
100 132 98 669
537 543 521 710
64 71 99 671
417 450 436 745
638 736 532 756
89 126 105 812
281 307 329 780
418 378 369 711
637 685 237 702
561 672 563 728
679 689 617 718
608 641 595 761
446 489 457 701
0 704 3 774
595 641 621 652
611 733 720 783
253 673 219 735
32 65 49 785
647 723 662 759
340 398 377 734
298 275 254 708
48 580 39 639
389 432 373 682
175 177 208 816
429 697 420 730
707 757 555 765
240 618 587 693
598 627 599 703
453 687 484 799
245 234 275 819
636 675 629 800
93 679 63 718
219 673 180 700
653 751 694 770
647 669 147 752
527 765 667 797
11 3 16 699
540 720 710 802
627 698 628 703
166 698 200 771
449 737 721 748
64 99 54 671
277 236 263 653
646 683 608 722
371 676 332 760
237 637 284 685
85 675 95 800
632 641 599 803
684 696 248 740
502 477 501 801
435 458 470 767
343 746 697 749
600 677 183 731
546 728 539 736
258 256 317 775
7 21 17 773
425 712 442 789
175 777 618 816
464 714 608 761
56 80 86 718
429 730 459 738
109 675 88 747
164 647 224 585
678 737 326 770
422 461 465 688
742 772 342 824
209 257 221 703
42 31 51 763
615 754 650 772
604 640 598 642
357 399 359 670
247 227 211 754
110 120 138 786
444 456 481 748
683 722 592 761
326 382 361 737
55 659 53 787
613 666 524 744
398 340 376 734
442 712 463 789
147 132 100 669
400 424 444 748
70 79 52 726
124 698 134 747
349 750 309 791
231 653 196 731
390 697 429 738
607 670 665 735
464 434 437 742
670 688 465 783
608 714 464 724
221 206 173 725
620 805 602 807
659 669 83 723
599 642 598 703
310 341 369 769
424 456 444 748
640 642 604 712
605 622 611 687
611 672 561 728
422 408 810 391
595 691 632 724
188 184 137 695
21 657 7 699
0 4 1 774
629 675 627 729
316 631 274 740
668 222 182 565
1 704 0 774
370 387 336 749
203 158 154 656
465 670 430 688
515 646 526 814
624 690 603 823
624 809 616 823
494 608 464 724
99 671 136 729
142 689 108 718
401 682 386 769
113 131 104 747
75 50 81 778
671 695 609 732
444 748 481 790
452 711 682 739
545 666 556 728
621 631 603 682
59 82 89 779
613 721 475 783
341 401 386 769
155 618 136 695
459 429 420 730
317 368 364 651
88 729 104 747
451 467 488 681
632 691 604 712
564 217 171 811
485 455 464 683
600 619 606 758
605 674 630 730
90 655 73 812
157 128 168 719
366 716 402 403
491 483 469 739
331 665 357 735
89 116 126 812
720 733 611 802
412 370 390 738
665 700 620 735
599 628 627 698
19 12 581 626
234 759 254 819
453 663 468 687
252 690 279 746
475 670 465 783
488 479 451 681
36 664 43 743
329 346 374 810
117 114 129 732
260 298 254 708
328 289 321 642
85 109 95 675
691 736 638 756
542 613 530 733
601 796 593 820
773 774 657 795
648 724 595 764
421 405 379 768
236 188 193 695
594 645 607 805
145 109 134 771
475 613 505 721
362 371 404 813
518 687 521 710
562 556 557 728
604 712 756 745
228 693 184 695
355 394 347 788
177 205 208 618
603 682 625 806
405 348 379 768
143 755 96 787
618 671 627 777
82 96 112 787
569 285 316 741
39 639 580 664
633 721 670 737
606 645 594 689
673 735 253 793
21 7 22 699
153 141 183 619
541 733 720 802
594 645 612 804
279 315 746 690
227 247 271 754
487 646 508 722
293 255 318 746
492 720 490 767
142 161 121 689
448 714 427 789
247 230 266 615
358 344 393 760
124 88 104 747
583 29 40 713
116 709 126 812
179 171 811 564
601 657 623 796
663 706 622 799
173 698 162 747
667 707 625 797
81 63 93 679
379 342 377 742
50 47 27 778
634 679 617 718
669 727 636 763
248 203 261 684
447 443 405 652
301 678 651 737
270 702 229 811
615 650 599 815
532 522 509 736
575 619 153 732
693 750 649 751
178 161 142 689
53 659 72 787
646 707 608 764
284 637 237 702
344 692 339 792
179 185 215 717
58 659 37 773
600 612 606 678
602 643 620 807
585 152 164 759
18 715 35 20
668 213 775 192
163 668 213 566
673 689 142 718
374 408 391 810
508 529 512 707
652 682 621 806
214 219 180 700
146 709 151 812
33 48 26 639
611 687 622 720
526 764 538 814
270 686 280 702
170 656 139 771
302 665 295 700
78 658 114 732
615 621 599 650
381 325 330 694
593 807 804 821
499 507 481 744
253 273 793 735
537 710 667 765
94 609 65 658
548 666 542 733
443 652 447 722
631 696 621 740
83 659 58 669
605 630 603 809
285 246 274 741
510 483 491 739
613 721 596 744
550 547 554 765
464 742 714 761
734 815 742 824
169 702 661 709
755 779 82 787
337 356 309 751
453 428 423 799
369 378 367 644
172 677 216 183
592 722 460 761
513 540 520 720
670 721 607 783
620 665 643 780
522 736 493 756
128 661 168 719
563 672 555 757
493 497 463 691
404 448 398 714
699 726 582 763
688 810 430 422
547 544 555 707
93 689 679 718
810 688 430 670
281 233 259 685
133 606 174 677
21 42 37 773
254 759 708 819
567 710 672 802
243 618 240 693
10 6 1 704
436 407 417 745
413 651 368 670
680 230 291 588
571 613 533 733
194 759 234 819
610 662 647 723
437 411 398 714
255 686 270 811
635 656 111 727
278 678 326 770
470 458 480 767
440 469 452 739
707 757 648 764
531 545 534 666
121 689 93 718
383 435 408 706
238 717 215 782
561 552 558 672
135 662 659 723
376 362 404 813
682 711 418 769
181 698 206 725
364 651 368 737
309 282 267 751
276 305 272 798
633 744 721 748
639 787 659 795
599 656 635 820
598 627 618 695
600 658 609 732
2 794 704 570
400 441 381 748
600 653 193 695
447 466 443 722
323 280 270 686
583 713 40 762
489 514 501 801
452 682 418 739
615 684 650 754
595 707 648 764
287 302 262 700
532 638 546 736
35 715 577 784
198 176 147 752
635 636 601 820
114 619 575 732
255 717 252 746
167 662 204 782
655 661 616 812
595 641 632 803
633 651 607 804
438 429 459 738
51 69 66 763
73 664 655 743
131 747 140 777
381 441 431 790
54 671 87 729
238 252 215 717
449 721 456 748
292 693 282 750
543 540 535 802
248 696 290 740
425 760 712 789
354 322 311 768
605 663 622 687
581 626 614 774
31 763 42 773
610 659 616 660
213 775 192 793
311 650 348 768
587 243 205 618
538 536 551 764
521 502 519 801
211 615 247 754
694 737 361 748
656 752 610 820
336 686 343 749
317 651 364 737
310 298 260 741
523 724 536 764
673 700 219 735
645 775 256 793
335 291 299 676
612 645 594 678
580 639 48 779
442 454 409 789
203 227 261 684
44 50 25 778
729 747 627 777
82 112 122 755
347 315 355 690
16 654 629 713
382 424 400 748
183 600 153 619
371 328 358 760
404 789 714 813
292 282 320 750
476 454 486 724
179 660 185 717
605 687 611 710
641 742 650 768
126 150 105 812
608 707 595 764
443 466 432 722
96 55 72 787
94 78 117 732
638 681 604 745
13 15 568 794
636 727 726 763
578 19 26 626
10 614 20 715
627 703 598 777
667 710 519 801
557 728 666 733
682 722 462 739
643 665 607 688
554 672 550 765
608 683 646 764
396 419 416 791
222 668 213 775
590 591 485 683
135 167 143 662
667 730 605 801
601 629 627 671
632 641 595 724
106 619 114 781
70 111 79 726
361 737 382 748
510 512 528 707
500 480 484 687
130 171 122 755
396 349 356 791
136 671 115 695
7 0 3 774
95 127 102 771
75 106 84 781
108 689 121 718
621 652 650 768
632 714 641 724
449 424 410 748
310 741 569 769
620 673 645 700
687 767 484 799
648 736 724 764
230 680 291 615
572 531 524 666
597 664 23 784
408 688 383 706
354 405 389 768
605 667 625 701
115 94 137 732
321 289 272 798
214 233 250 719
600 653 612 731
43 62 36 743
75 778 81 781
402 799 716 663
196 653 600 731
143 660 130 755
600 695 193 732
135 755 143 787
33 659 55 787
99 113 87 729
552 733 541 802
196 183 231 731
135 101 123 723
335 734 340 824
148 660 171 709
707 765 528 797
10 1 4 704
221 703 257 776
431 766 381 790
243 692 276 798
541 720 520 802
710 720 611 802
418 682 452 711
232 216 574 731
173 698 628 725
581 4 5 614
181 680 166 698
311 684 650 696
598 692 640 693
232 678 265 731
74 58 42 669
342 772 297 824
675 698 109 771
555 672 554 757
159 200 170 771
484 496 518 687
397 716 403 799
290 696 283 740
52 41 70 726
445 471 449 721
745 791 640 792
243 240 292 693
438 468 423 738
300 330 303 770
659 669 657 773
645 678 651 775
602 805 616 809
69 726 79 763
134 698 109 747
611 666 596 728
90 655 128 743
367 378 414 711
237 685 661 702
563 560 555 672
297 266 308 825
235 708 631 741
620 645 607 735
721 737 633 748
12 614 581 626
389 682 373 696
437 714 464 742
594 808 804 822
365 694 381 766
597 639 626 664
377 742 342 824
368 399 413 670
62 664 73 743
624 686 630 697
684 754 271 772
680 698 181 725
48 639 55 787
147 669 100 727
510 528 527 797
649 694 365 766
243 587 205 240
557 666 548 733
410 413 449 737
423 663 453 799
536 736 549 764
661 685 602 702
628 635 615 680
596 648 611 728
650 754 684 772
805 807 593 809
472 497 486 691
25 20 28 715
638 691 632 821
151 709 661 812
531 666 548 545
494 523 504 683
472 454 442 789
176 647 164 723
682 711 674 739
244 258 301 775
762 60 40 583
246 274 631 740
545 548 556 666
272 305 321 798
131 113 140 747
744 748 633 790
543 672 567 710
385 791 392 792
617 673 645 805
243 798 208 816
638 666 546 728
594 689 679 758
103 106 75 781
427 409 454 789
432 682 652 722
663 687 630 730
359 670 651 735
383 688 643 706
611 710 687 720
257 703 242 776
280 686 637 702
199 212 233 719
583 675 629 762
616 709 655 812
357 372 395 670
400 694 361 748
219 700 253 735
716 738 663 749
173 162 131 747
41 713 46 800
511 486 691 724
753 778 623 818
646 764 526 814
645 673 617 689
621 696 652 768
207 740 198 752
620 655 616 805
567 672 558 802
190 661 169 702
672 710 550 765
87 113 77 729
264 257 299 776
71 115 99 671
547 707 555 765
274 246 631 741
387 323 336 749
612 678 600 731
635 698 675 771
627 629 601 675
603 682 644 711
418 401 440 682
223 231 263 653
535 518 521 710
322 314 290 696
193 600 196 653
324 637 352 716
147 160 198 752
370 738 387 749
435 461 439 688
55 639 33 787
8 2 794 704
686 697 624 746
560 563 561 672
617 796 655 805
256 651 317 775
10 704 623 818
322 684 311 696
463 712 691 789
381 694 400 748
628 676 599 776
216 677 574 731
625 722 682 739
675 85 88 584
367 350 319 644
13 2 794 568
631 644 603 682
535 710 543 802
21 31 42 773
347 697 318 746
607 665 620 735
279 690 252 782
616 809 796 823
318 697 343 746
557 561 562 728
421 742 434 761
386 401 418 682
334 369 367 644
432 652 443 722
610 669 659 723
280 237 218 702
128 90 105 812
530 613 571 733
592 646 487 722
318 343 293 746
253 700 262 735
460 683 592 761
26 639 626 795
374 391 360 810
383 351 397 706
63 44 76 718
604 642 598 822
544 526 538 814
459 468 438 738
297 772 247 825
659 660 610 662
157 180 719 191
605 667 611 765
327 352 324 637
208 618 243 816
321 358 328 760
202 662 167 782
306 271 297 772
359 399 368 670
604 745 681 766
100 119 147 727
2 13 794 570
137 155 115 695
115 695 671 732
276 292 305 692
476 464 448 714
348 333 379 772
641 652 595 761
481 456 478 721
97 93 63 718
611 707 605 765
328 642 321 760
519 710 521 801
478 505 499 721
648 728 549 757
453 480 458 799
316 696 631 740
704 794 623 818
508 646 529 707
326 678 301 737
98 669 132 723
426 428 453 799
228 236 695 188
54 40 24 762
347 390 343 697
256 213 226 775
816 239 175 586
653 731 263 751
647 224 708 197
655 664 597 743
609 753 654 785
146 116 148 709
327 637 280 749
404 427 448 714
173 628 221 725
348 354 311 768
24 15 34 794
339 344 305 692
305 692 321 798
260 235 285 741
200 247 211 615
669 727 656 820
352 637 327 716
194 759 224 234
65 671 71 785
596 721 633 744
500 687 513 720
597 626 23 664
609 753 658 778
632 691 595 821
115 671 94 732
289 239 272 798
370 697 390 738
449 456 424 748
643 705 351 706
178 186 220 793
147 669 647 723
674 701 625 739
676 714 632 789
402 716 589 749
614 626 597 774
24 29 16 713
683 504 526 523
147 119 160 727
81 778 679 781
576 753 38 817
602 643 622 706
70 102 111 726
349 363 339 750
60 675 85 800
162 166 134 698
174 668 574 677
217 270 229 811
511 691 497 525
128 661 655 812
94 115 71 671
180 673 214 700
157 180 138 673
65 609 94 671
557 548 542 733
660 709 148 755
635 656 599 684
565 174 182 668
44 679 634 718
90 128 92 743
509 522 493 756
598 798 618 816
593 806 605 821
230 200 680 615
665 700 302 780
7 657 21 773
136 140 113 729
256 645 312 651
616 660 659 755
444 441 400 748
20 25 10 715
554 757 672 765
368 651 413 737
460 722 447 761
607 804 594 805
375 363 392 792
641 714 608 724
760 789 371 813
649 694 612 751
656 684 635 754
250 233 281 719
600 619 183 677
673 719 620 786
623 634 597 715
310 644 298 741
72 55 53 787
48 39 26 639
549 536 525 736
210 195 237 685
602 643 637 705
380 409 371 760
493 736 691 756
623 679 634 715
600 758 594 781
291 680 676 824
672 710 611 802
610 660 616 823
645 651 256 775
359 312 313 735
318 255 286 746
645 700 673 735
455 683 460 761
456 744 481 748
616 655 639 796
526 523 538 764
376 404 398 813
602 807 805 809
550 537 527 765
516 532 509 756
722 466 460 447
613 542 524 572
19 5 9 626
203 154 187 656
749 387 327 589
215 202 238 782
581 12 4 614
490 470 492 767
675 729 629 762
596 611 605 783
303 265 300 770
452 701 674 739
117 137 94 732
181 680 230 200
362 335 332 813
413 721 449 737
633 694 649 766
446 457 433 701
127 109 145 771
257 209 242 703
319 690 296 819
596 666 648 728
570 704 14 818
128 655 90 812
629 699 636 726
606 668 645 689
378 644 369 711
239 816 209 586
261 269 311 684
295 253 262 735
107 98 132 723
106 114 84 781
464 683 455 761
596 733 611 783
79 69 52 726
757 764 707 814
572 666 613 733
502 468 459 801
574 668 232 677
488 473 506 744
629 713 583 762
624 717 660 811
624 702 686 811
634 743 597 784
433 457 420 730
540 687 518 710
265 678 278 770
620 655 617 786
159 145 166 771
596 721 613 783
634 715 56 784
404 409 427 789
606 677 133 758
18 715 614 784
632 712 642 760
609 671 65 785
533 498 520 720
301 317 364 737
630 686 637 749
419 766 416 791
670 721 413 737
583 713 629 800
235 198 246 740
24 8 794 654
56 35 45 784
622 688 643 807
6 704 10 818
323 686 336 749
196 600 183 731
105 150 128 812
185 660 143 662
635 726 636 727
137 184 155 695
557 611 561 728
789 380 442 425
691 736 511 724
459 730 477 801
283 290 314 696
104 729 113 747
63 679 44 718
618 693 598 695
417 407 392 792
647 164 224 197
200 615 211 754
401 432 440 682
521 543 535 710
407 745 712 792
183 216 231 731
485 460 455 683
355 388 394 788
714 742 641 761
607 688 670 783
122 112 130 755
596 648 638 821
105 90 73 812
629 654 601 699
342 742 333 772
616 755 639 779
687 710 605 801
42 51 66 763
58 669 659 773
613 666 596 733
595 652 621 806
327 637 589 716
551 757 544 814
610 752 647 820
644 708 298 741
594 645 606 678
622 767 687 799
778 817 27 818
591 590 515 646
389 652 432 682
192 161 178 793
703 776 642 798
151 661 150 812
638 745 604 756
617 679 594 689
591 646 592 683
83 101 67 659
288 257 242 776
284 685 637 705
712 745 640 792
608 683 464 761
526 683 646 590
180 157 719 673
45 35 577 784
439 408 435 688
451 681 479 745
446 674 433 711
43 664 62 743
518 513 500 687
643 688 607 807
670 688 665 810
285 310 260 741
225 217 564 811
16 629 24 713
601 636 610 820
633 638 596 744
608 714 641 761
652 722 608 761
612 804 604 822
357 665 372 670
296 245 275 819
460 421 455 761
224 647 708 759
605 730 687 801
311 650 322 696
134 166 145 698
398 448 437 714
237 190 218 702
152 194 167 759
602 620 616 805
587 184 240 693
314 696 316 740
234 224 254 759
569 341 310 769
357 331 372 665
512 707 510 739
489 801 797 514
340 734 335 813
649 745 604 766
447 761 652 768
166 200 159 771
263 236 223 653
463 497 472 691
609 654 601 785
616 620 602 661
519 667 537 710
627 675 635 698
750 751 309 791
631 246 235 741
432 466 482 722
611 648 605 707
533 517 498 613
549 736 648 764
187 139 170 656
262 700 295 735
667 765 707 797
736 691 511 525
445 430 475 670
184 693 618 695
379 742 650 772
436 450 493 756
329 302 287 780
435 688 408 706
204 245 202 782
627 628 599 703
83 98 107 723
605 806 593 809
587 618 184 693
802 540 558 567
277 304 309 751
646 683 523 764
144 575 141 106
674 701 433 730
690 717 624 746
573 68 45 784
423 799 402 663
610 636 601 796
799 423 402 428
573 62 68 743
560 550 554 672
14 704 6 818
124 104 131 747
222 668 182 566
301 678 244 775
519 501 514 801
322 696 650 768
69 79 91 727
631 708 644 741
14 6 10 818
162 181 166 698
512 482 508 722
692 693 292 750
372 331 360 810
403 716 428 799
224 585 647 759
595 652 608 761
117 78 114 732
668 174 232 565
22 11 30 699
441 467 431 790
594 805 804 808
307 346 329 780
152 723 164 759
283 246 248 740
447 722 652 761
167 202 185 662
661 685 168 719
265 216 232 731
474 446 452 701
29 713 46 30
193 196 223 653
456 721 481 744
555 559 563 757
208 798 239 816
653 694 612 770
553 556 562 728
616 660 624 823
326 301 353 737
243 292 276 692
681 745 638 756
510 527 514 797
628 703 221 776
327 589 352 716
133 619 103 758
18 614 23 784
252 717 690 746
556 548 557 666
602 630 624 686
549 728 559 757
686 702 270 811
52 726 69 763
123 152 135 723
307 259 294 705
625 701 667 797
311 684 271 772
200 698 680 771
631 647 235 752
536 494 511 724
153 156 129 732
620 643 607 807
114 658 84 781
630 687 605 730
260 224 235 708
280 637 284 702
367 644 378 711
130 660 171 755
461 435 470 767
422 408 439 688
416 419 451 745
248 684 290 696
248 246 207 740
721 744 456 748
540 710 535 802
122 755 116 779
724 736 536 764
315 697 347 746
382 353 364 737
200 754 170 771
169 190 146 661
54 729 77 762
640 745 649 791
656 727 669 752
601 671 609 785
707 722 625 739
398 411 377 734
652 682 625 722
201 218 190 702
23 664 36 784
127 145 159 771
645 673 620 805
405 443 432 652
142 186 178 673
602 663 622 807
353 301 364 737
647 669 610 723
512 529 528 707
644 711 682 769
615 824 291 825
65 753 609 785
512 722 707 739
612 737 678 770
166 680 200 698
94 658 78 732
575 141 153 619
542 613 524 530
240 184 228 693
130 143 179 660
525 691 522 736
703 798 598 816
618 777 598 816
357 670 359 735
392 385 416 745
402 387 423 738
291 588 230 241
465 475 430 670
142 673 178 689
371 409 404 813
624 717 690 782
416 766 745 791
796 805 617 808
153 619 600 732
489 730 701 801
675 729 88 747
612 653 649 751
90 62 73 743
290 684 322 696
403 426 397 799
256 775 226 793
32 15 13 794
410 424 382 748
633 737 612 748
147 727 160 752
33 773 659 795
484 453 468 687
293 343 336 746
663 716 706 799
570 6 14 704
621 682 652 696
435 383 415 706
257 725 221 776
238 245 279 782
533 613 498 720
183 677 216 731
433 674 446 701
697 746 686 749
734 742 377 824
630 730 697 738
669 727 147 752
229 270 280 702
615 628 599 635
96 143 112 755
88 729 675 762
763 31 52 582
262 253 219 700
690 708 603 823
599 621 615 684
396 385 349 791
273 295 313 735
624 717 686 746
784 36 18 577
602 661 620 685
298 644 275 708
247 297 271 772
116 82 122 779
634 796 617 808
543 672 560 567
217 255 270 811
681 744 633 790
652 761 742 768
204 662 167 759
191 233 214 719
249 219 214 700
571 533 542 733
490 513 520 720
611 757 707 765
420 429 390 697
382 737 410 748
628 698 680 725
694 748 381 766
373 345 389 696
657 774 597 795
595 691 648 821
647 820 603 823
373 682 401 769
595 806 803 821
407 712 393 792
321 692 642 798
623 657 654 704
280 284 237 702
621 641 595 806
187 227 203 684
354 348 405 768
136 175 140 777
351 706 705 716
19 33 26 795
312 317 256 651
742 761 421 768
450 451 479 745
417 745 407 792
619 658 114 781
804 807 596 821
648 707 595 821
540 552 541 802
611 622 605 783
316 285 274 741
676 734 291 824
380 358 393 760
597 715 634 784
264 206 221 725
606 677 600 731
178 673 186 793
490 720 461 767
609 627 601 808
630 637 602 663
462 469 440 739
14 25 27 818
140 747 729 777
360 391 372 810
30 46 41 713
33 639 26 795
652 742 641 768
250 249 214 700
597 657 623 774
688 706 435 767
666 728 611 733
156 600 193 732
489 477 457 730
607 651 633 670
193 695 156 732
113 729 140 747
319 334 367 644
510 491 512 739
469 483 452 739
180 219 186 673
361 330 326 770
410 737 449 748
609 679 594 808
167 194 204 759
77 88 57 762
416 385 396 791
601 627 609 671
54 762 34 785
617 655 634 743
528 544 547 707
713 29 46 583
187 684 656 754
36 743 573 784
436 712 407 745
347 690 355 788
180 191 214 719
8 24 794 15
637 686 280 749
686 746 343 749
612 694 633 748
585 194 152 759
659 662 135 787
592 487 460 722
237 661 190 702
626 19 23 579
325 694 337 751
52 69 51 763
489 701 495 797
748 766 633 790
127 170 139 771
133 163 182 668
215 225 179 717
608 764 494 683
214 673 180 719
642 676 632 760
325 337 304 751
44 28 56 715
133 103 125 758
447 652 405 768
611 667 605 710
72 659 101 787
626 639 578 664
56 715 35 784
446 388 414 711
551 555 544 757
623 704 654 794
482 487 508 722
478 456 449 721
481 441 444 790
42 669 58 773
192 163 149 689
67 58 83 659
614 623 10 704
57 40 54 762
601 654 629 785
11 22 7 699
648 728 638 736
697 730 429 738
185 662 202 782
620 685 661 719
625 739 701 797
690 717 252 782
576 658 65 753
326 737 361 770
643 685 620 780
32 49 34 785
54 87 77 729
705 706 643 716
479 681 488 756
676 760 371 813
625 682 674 739
260 708 235 741
449 471 478 721
9 626 5 774
629 636 601 675
562 561 563 728
255 746 686 811
299 288 332 776
408 422 810 688
164 647 585 759
335 676 332 813
642 703 599 776
292 240 282 693
649 750 640 791
509 493 479 756
598 640 604 822
283 274 246 740
146 151 126 812
633 638 604 821
100 669 66 763
661 702 616 709
113 104 77 729
458 426 453 799
311 269 271 684
648 691 595 724
38 817 753 818
593 805 804 807
663 716 402 738
115 155 136 695
262 249 287 700
501 477 489 801
679 758 81 781
401 373 432 682
235 647 198 752
661 709 616 812
347 318 315 746
448 464 437 714
118 111 154 727
620 700 645 735
320 349 339 750
397 351 366 716
582 31 22 699
55 48 33 639
632 760 676 789
111 656 154 727
350 711 388 788
482 722 512 739
524 507 499 744
630 738 697 749
579 626 578 664
203 656 187 684
803 806 593 821
675 698 627 747
529 544 528 707
79 726 111 727
68 62 92 743
210 212 199 685
611 648 596 821
296 275 319 819
122 709 116 755
386 682 418 769
419 406 431 766
195 661 237 685
232 677 668 678
500 720 513 767
603 674 625 682
602 686 624 702
227 269 261 684
625 674 605 701
597 623 614 774
255 217 225 811
65 78 94 658
266 291 308 825
366 403 397 716
24 762 654 785
636 657 610 669
660 662 185 717
581 5 19 626
257 288 299 776
154 111 139 656
175 618 177 816
231 216 268 731
531 666 534 744
91 100 66 763
485 591 592 683
635 656 636 820
607 805 620 807
590 646 591 683
597 655 634 796
631 682 621 696
14 10 25 818
681 745 451 766
633 748 694 766
359 651 312 735
706 767 622 799
397 426 415 706
697 738 370 749
140 165 131 777
42 763 669 773
78 61 84 658
21 37 17 773
709 779 655 812
652 682 389 696
342 308 340 824
622 663 605 807
179 171 130 660
658 753 576 817
165 747 131 777
612 737 694 748
691 724 648 736
393 712 425 760
516 534 546 638
597 774 626 795
627 671 629 729
648 666 638 728
650 652 641 768
60 762 40 57
615 772 650 815
115 136 99 671
507 506 481 744
229 218 201 702
639 664 655 779
152 167 135 662
104 88 77 729
546 666 545 728
273 256 220 793
490 492 513 720
293 323 270 686
562 559 553 728
544 757 707 814
284 251 237 685
762 57 60 584
302 780 329 810
486 494 476 724
623 704 614 774
26 39 578 639
23 614 597 784
4 614 10 704
803 804 593 822
597 614 23 626
531 506 507 744
280 686 323 749
379 742 421 768
507 666 531 744
249 281 287 700
521 687 496 801
319 275 298 644
4 704 1 774
586 209 165 777
74 42 66 763
552 561 557 672
103 619 106 781
558 560 561 672
601 636 629 699
340 335 376 813
411 734 714 742
332 760 676 776
606 612 594 678
196 153 183 600
649 751 750 791
463 691 472 789
436 425 393 712
92 62 90 743
365 325 381 694
644 711 350 788
614 704 4 774
343 686 336 746
46 713 583 800
676 760 642 776
580 82 59 779
24 785 654 794
392 791 745 792
603 630 624 809
19 626 23 12
365 337 325 694
458 767 706 799
55 33 53 659
20 614 18 715
157 199 191 719
637 705 643 716
542 666 572 733
289 776 703 798
339 692 292 750
399 445 413 670
80 68 92 743
816 209 703 242
567 540 543 802
603 690 644 708
198 647 176 752
605 625 603 674
640 693 692 750
323 327 280 749
481 473 441 790
509 736 522 756
381 361 400 694
246 631 235 740
541 533 520 733
91 118 119 727
40 29 24 762
712 760 632 789
377 734 411 742
624 697 690 746
784 36 45 573
717 746 255 811
638 728 546 736
578 626 26 639
278 232 244 678
720 733 613 783
207 246 198 740
651 678 612 737
154 139 187 656
474 701 452 739
593 805 796 808
462 482 491 739
243 692 598 693
796 809 610 823
399 395 430 670
516 638 532 756
602 663 637 706
691 712 632 789
311 271 306 772
594 679 617 808
657 659 610 669
9 0 7 774
555 757 554 765
557 672 611 733
618 671 136 695
291 676 335 734
598 692 243 798
164 176 197 647
221 725 628 776
85 675 88 109
612 694 653 751
625 652 595 806
615 772 824 825
527 537 514 667
627 695 598 822
643 706 637 716
627 729 675 747
604 691 638 756
434 379 411 742
355 350 388 788
619 658 600 732
369 711 644 769
296 350 355 690
653 693 236 695
62 573 36 743
640 712 604 745
136 618 175 777
321 305 344 692
632 676 641 714
630 697 686 749
613 733 596 783
649 693 640 750
632 642 599 676
636 726 699 763
39 580 59 664
539 549 525 736
626 774 9 795
629 762 671 785
392 745 417 792
598 642 640 692
554 547 555 765
237 195 190 661
164 152 123 723
371 760 409 789
296 355 315 690
638 648 596 666
627 671 618 695
753 817 778 818
291 676 628 776
483 474 452 739
569 310 285 741
514 537 519 667
10 4 18 614
499 613 524 744
610 657 636 796
251 685 284 705
707 739 625 797
623 753 654 808
302 331 295 665
235 224 197 708
680 698 635 771
515 487 592 646
331 329 360 810
612 653 600 822
272 239 276 798
668 163 213 192
213 192 226 793
624 660 616 702
188 137 156 695
655 709 616 779
816 777 209 586
628 698 173 703
527 547 550 765
294 251 284 705
579 19 578 626
537 667 527 765
599 650 641 815
499 721 613 744
605 807 593 821
609 778 679 808
563 559 562 728
801 489 797 701
302 700 287 780
510 739 707 797
620 673 617 805
20 35 28 715
109 88 124 747
59 664 580 779
59 89 73 779
77 729 88 762
508 515 529 646
110 108 86 718
637 706 663 716
10 623 614 715
495 739 510 797
312 651 645 735
198 740 235 752
266 615 291 825
593 807 605 809
464 714 476 724
432 482 462 722
495 701 483 739
633 651 612 737
137 695 115 732
3 2 8 704
154 656 158 727
607 670 633 721
201 190 169 702
498 517 475 613
668 232 222 565
626 639 597 795
239 243 276 798
631 647 603 708
191 199 233 719
667 701 605 730
665 688 643 810
248 290 283 740
528 765 547 797
505 613 499 721
263 653 231 731
36 784 18 23
298 708 260 741
594 645 617 689
676 734 714 813
605 630 602 663
455 421 434 761
95 675 109 771
654 753 609 808
24 629 16 654
236 653 267 693
397 706 351 716
542 548 572 666
571 542 530 733
707 764 646 814
567 560 558 672
28 35 56 715
432 462 440 682
427 714 404 789
627 635 599 698
230 615 291 266
0 1 3 704
421 761 447 768
597 743 664 784
606 668 174 677
236 228 695 693
177 618 208 816
327 324 284 637
297 333 306 772
142 121 108 689
624 662 660 717
595 707 608 722
772 615 824 815
518 540 513 687
74 669 42 763
286 315 318 746
282 309 320 750
381 748 441 790
665 670 357 735
594 609 600 781
524 666 507 744
316 314 373 696
204 194 234 819
360 329 374 810
644 741 310 769
228 236 267 693
81 758 103 781
22 699 41 582
290 261 322 684
343 370 336 749
742 815 772 824
525 522 539 736
171 179 811 660
675 60 85 584
295 665 331 735
245 782 204 819
235 647 631 708
468 496 484 687
513 492 480 767
174 144 133 677
405 652 389 768
559 728 563 757
351 643 338 705
551 764 757 814
672 757 611 765
414 452 446 711
594 804 612 822
613 720 533 733
597 655 639 664
455 434 464 761
561 611 557 672
621 806 603 820
125 121 149 689
143 167 185 662
582 699 41 726
621 682 603 806
524 613 572 666
420 390 384 697
83 669 98 723
607 645 620 805
524 531 507 666
491 482 512 739
142 138 180 673
582 41 52 726
642 692 598 798
174 606 133 668
336 323 293 686
457 701 489 730
109 698 675 747
641 714 676 734
612 651 645 678
799 402 716 428
412 387 370 738
655 796 616 805
16 3 8 654
629 713 699 800
270 255 293 686
510 707 528 797
644 708 690 819
324 705 637 716
641 742 652 761
393 407 436 712
574 172 174 677
361 694 330 770
596 666 611 733
601 654 623 657
311 322 261 684
624 697 630 788
338 351 383 643
383 397 415 706
244 301 278 678
504 683 526 590
156 695 137 732
16 29 30 713
158 727 656 752
654 785 753 794
435 426 458 706
153 600 156 732
575 114 106 619
23 614 12 626
629 654 24 762
690 708 662 819
199 685 212 719
636 656 635 727
644 690 319 819
390 429 412 738
454 724 476 789
473 488 467 790
204 759 194 819
181 200 166 680
630 730 674 788
664 743 36 784
513 687 540 720
614 623 597 715
616 659 639 755
313 312 273 735
517 530 505 613
276 692 305 798
586 165 175 777
350 644 367 711
637 716 663 749
372 670 665 810
99 87 54 671
132 123 107 723
659 662 610 723
463 472 442 789
528 707 547 765
282 240 228 693
470 490 461 767
53 37 67 659
78 84 114 658
428 426 403 799
599 635 628 698
633 766 681 790
645 668 606 775
168 661 210 685
56 86 76 718
714 789 676 813
534 666 638 744
648 691 638 821
2 8 794 568
658 778 753 817
657 704 623 774
174 668 232 574
641 676 599 815
593 808 601 822
625 707 605 821
663 730 630 738
37 659 53 773
564 717 225 811
551 544 538 814
221 257 264 725
599 628 615 815
715 18 35 577
236 193 223 653
625 682 652 806
89 82 116 779
101 135 96 787
475 721 670 783
806 809 603 823
259 705 307 780
170 227 187 754
214 700 673 719
588 181 206 725
634 679 44 715
332 676 299 776
405 432 389 652
514 667 519 801
576 78 65 658
608 652 595 722
611 710 672 765
572 613 542 733
573 743 68 784
521 710 687 801
324 352 366 716
271 754 247 772
534 638 516 744
148 709 122 755
355 690 350 788
83 74 98 669
536 724 511 736
627 747 698 777
553 728 549 736
402 738 716 749
508 487 515 646
359 368 317 651
712 604 756 691
804 805 607 807
659 773 657 795
335 299 332 676
641 650 621 652
612 731 653 770
699 22 41 30
678 731 612 770
436 745 450 756
23 626 579 664
589 716 637 749
646 707 508 722
416 450 417 745
465 430 422 688
267 277 309 751
714 724 632 789
202 167 204 782
297 824 772 825
193 653 236 695
525 536 511 736
395 372 430 670
663 630 749 738
176 132 147 723
451 745 419 766
80 120 110 786
521 518 496 687
699 726 629 800
616 709 660 755
245 296 279 782
414 378 418 711
74 83 58 669
630 663 605 687
60 85 95 800
578 639 39 664
638 666 596 744
605 783 622 807
604 633 612 649
620 643 602 685
431 451 419 766
533 720 520 733
603 708 647 823
232 668 222 244
142 108 110 718
610 662 660 823
509 503 516 756
33 17 37 773
192 689 161 793
628 676 291 680
365 406 396 766
602 685 643 705
668 689 192 793
609 778 658 781
156 137 117 732
251 259 210 685
228 184 188 695
511 494 486 724
523 494 536 724
222 258 244 775
605 707 667 765
611 720 622 783
233 212 259 685
607 651 645 804
66 69 91 763
639 655 616 779
383 346 338 643
662 723 152 759
459 477 502 801
179 717 564 811
520 720 540 802
611 733 672 802
431 406 381 766
315 279 746 286
411 714 437 742
326 278 301 678
200 230 247 615
648 707 611 757
471 505 478 721
275 644 319 819
47 38 27 817
316 569 769 341
483 701 474 739
681 766 467 790
629 726 636 800
657 773 7 774
625 667 605 707
221 628 173 703
173 747 165 777
698 703 627 777
659 787 33 795
345 322 354 696
616 655 620 661
604 804 633 821
539 522 532 736
49 65 71 785
549 728 648 736
701 739 495 797
114 732 153 129
529 707 646 814
252 225 215 717
299 676 291 776
63 76 97 718
97 76 108 718
244 678 668 775
75 81 103 781
359 317 312 651
36 784 45 577
610 796 601 820
239 816 175 208
294 351 307 705
170 200 211 754
623 794 753 818
662 759 204 782
4 12 18 614
673 700 620 719
168 661 128 812
540 518 535 710
392 416 417 745
71 65 94 671
262 219 249 700
326 353 382 737
667 710 611 765
34 785 24 794
677 172 216 574
5 614 4 774
580 48 82 779
195 150 190 661
671 729 54 762
183 619 172 677
610 669 647 752
474 495 489 701
604 804 803 822
106 103 133 619
617 718 673 786
575 106 144 619
668 222 213 566
620 661 786 719
641 742 734 815
489 446 474 701
617 655 620 805
314 322 345 696
612 651 633 804
619 677 606 758
94 671 609 732
377 411 379 742
259 307 281 780
592 460 485 683
605 648 611 821
30 11 16 699
539 728 553 736
464 608 494 683
600 678 606 731
268 216 265 731
583 60 46 800
179 225 564 717
37 58 67 659
430 445 399 670
126 151 150 812
3 704 654 774
461 688 435 767
568 15 8 794
803 804 604 821
162 698 124 747
517 505 475 613
294 685 251 705
132 176 164 723
524 499 505 613
123 132 164 723
623 796 634 808
126 116 146 709
571 517 533 613
593 804 803 821
307 351 338 705
552 672 557 733
617 689 673 718
183 144 172 619
682 696 631 769
56 634 44 715
185 717 662 782
175 165 140 777
193 153 196 600
156 153 193 600
604 638 633 681
212 685 233 719
523 683 494 764
123 83 107 723
547 527 528 797
540 802 558 552
656 669 610 752
654 704 657 774
759 194 224 585
385 363 349 791
409 789 404 813
606 689 594 758
499 481 478 721
163 566 182 668
388 446 433 711
169 146 148 709
580 664 639 779
714 734 641 742
481 721 499 744
187 656 170 754
657 795 597 796
8 24 16 654
603 644 631 708
350 296 319 690
371 358 380 760
720 767 622 783
410 382 364 737
506 516 488 744
371 789 409 813
15 32 34 794
274 631 316 741
588 291 725 241
600 606 594 758
654 657 601 699
413 670 445 721
44 634 56 718
607 645 594 804
192 149 161 689
709 755 616 779
449 413 445 721
32 785 34 794
343 318 347 697
508 707 512 722
631 740 621 752
446 674 452 701
202 245 238 782
183 141 144 619
73 655 90 743
144 106 133 619
328 332 288 776
639 755 659 787
206 162 173 698
636 657 601 796
458 706 426 799
101 72 67 659
273 253 295 735
292 692 243 693
680 181 230 588
34 762 24 785
418 369 386 769
250 700 214 719
526 515 590 646
596 807 605 821
264 241 206 725
543 537 550 710
364 413 410 737
609 658 600 781
651 678 301 775
598 703 642 798
616 796 610 823
337 694 649 751
660 702 624 811
96 135 143 787
319 298 334 644
111 726 635 727
86 80 110 718
587 205 177 618
601 657 636 699
576 61 78 658
558 672 552 802
677 678 232 731
235 176 198 647
162 124 131 747
96 755 112 787
384 390 347 697
806 820 809 823
606 619 600 677
473 744 488 790
28 44 25 715
82 48 55 787
621 696 684 740
599 703 628 776
320 339 292 750
23 43 36 664
30 699 16 713
255 252 286 746
637 685 602 705
118 91 79 727
434 411 437 742
468 663 423 738
660 717 179 811
69 727 91 763
484 518 500 687
293 686 255 746
259 685 294 705
335 734 676 813
604 649 640 745
654 704 8 794
494 464 476 724
635 684 615 754
161 689 178 793
643 780 665 810
287 700 281 780
520 720 541 733
118 160 119 727
621 641 599 650
591 515 592 646
174 172 144 677
662 708 690 823
298 310 334 644
602 624 616 702
237 251 210 685
332 328 371 760
519 537 521 710
599 642 632 803
193 188 156 695
620 700 665 780
381 406 365 766
295 700 665 735
505 530 524 613
605 701 674 730
247 772 754 825
252 279 286 746
480 687 500 767
693 695 653 822
666 531 548 572
291 588 725 680
10 18 20 614
466 722 460 487
138 120 157 786
102 127 139 771
653 693 649 751
622 663 602 706
599 656 621 684
123 101 83 723
254 224 260 708
762 60 675 584
595 803 632 821
579 43 23 664
284 324 294 705
204 782 759 819
312 645 256 735
816 239 209 242
674 682 603 711
569 316 769 741
164 723 647 759
5 0 9 774
589 637 327 749
596 666 613 744
552 533 541 733
168 685 199 719
635 680 628 698
324 351 294 705
514 495 510 797
608 707 646 722
650 684 621 696
496 502 521 801
479 503 509 756
326 300 278 770
436 691 463 712
392 407 375 792
725 291 628 264
599 627 601 635
638 691 648 736
550 672 543 710
314 274 283 740
686 717 624 811
131 165 173 747
543 710 567 802
132 669 147 723
480 453 484 799
605 707 648 821
396 406 419 766
657 699 21 773
435 706 458 767
661 620 786 655
476 724 714 789
629 729 671 762
396 766 419 791
65 658 609 753
445 670 475 721
599 641 632 676
309 349 320 750
460 447 421 761
602 637 630 686
332 676 371 813
368 651 359 670
112 143 130 755
638 681 516 744
668 677 606 678
226 775 213 793
462 491 469 739
235 740 631 752
502 501 519 801
393 425 380 760
195 210 168 661
281 685 259 780
632 642 604 803
198 160 207 752
725 241 291 264
587 177 184 618
440 682 462 739
387 749 327 323
185 179 143 660
91 727 100 763
690 782 296 819
275 708 644 819
295 357 313 735
33 37 53 773
388 350 367 711
732 114 153 575
121 93 97 718
555 707 544 757
365 649 337 694
280 218 229 702
506 534 516 744
220 256 226 793
281 249 250 700
184 177 155 618
488 503 479 756
44 56 76 718
590 485 504 683
539 546 553 728
557 542 552 733
489 495 514 797
335 362 376 813
248 261 290 684
587 240 243 618
146 661 151 709
494 724 523 764
622 643 602 807
180 186 142 673
66 100 74 669
415 426 435 706
227 684 187 754
423 468 453 663
694 737 612 770
347 697 690 788
493 522 525 691
699 713 41 726
650 696 621 768
136 155 177 618
448 427 454 789
333 348 306 772
452 674 446 711
295 262 302 700
708 759 647 823
380 789 442 409
631 741 644 769
414 388 367 711
370 343 390 697
190 151 146 661
309 304 337 751
571 530 517 613
662 755 135 787
79 727 69 763
14 27 38 818
632 724 691 789
263 304 277 751
284 637 324 705
612 649 633 694
168 150 195 661
387 738 402 749
135 659 101 723
624 630 603 674
643 705 685 780
403 402 428 716
18 12 23 614
726 727 79 763
679 778 609 781
95 109 127 771
494 485 464 683
527 667 514 797
660 662 624 823
279 296 315 690
381 330 361 694
210 661 195 685
343 697 370 749
42 58 37 773
2 6 570 704
603 820 806 823
282 750 693 751
309 750 282 751
236 277 267 751
236 653 277 751
267 653 236 751
304 263 325 751
170 127 159 771
176 647 147 752
621 684 656 752
621 740 684 752
207 160 189 752
207 189 248 752
248 740 207 752
158 189 160 752
656 684 203 752
684 740 248 752
203 189 158 752
158 656 203 752
248 189 203 752
203 684 248 752
82 755 122 779
655 664 73 779
110 138 142 786
661 719 128 786
110 718 80 786
673 718 142 786
655 743 617 786
138 673 142 786
630 674 624 788
603 711 644 788
143 662 660 755
660 662 659 755
122 171 148 755
171 660 148 755
690 697 624 788
135 662 143 755
516 503 488 756
488 681 516 756
691 712 436 756
712 745 436 756
493 463 436 756
493 691 463 756
463 691 436 756
563 728 672 757
672 728 611 757
611 728 648 757
645 735 673 793
745 766 649 791
256 735 645 793
279 252 238 782
125 103 81 758
125 163 133 758
662 717 624 782
624 690 662 782
679 689 93 758
125 81 93 758
81 679 93 758
133 668 606 758
163 668 133 758
121 125 93 758
121 689 125 758
93 689 121 758
163 689 668 758
668 689 606 758
149 163 125 758
149 689 163 758
125 689 149 758
224 708 254 759
610 669 656 820
381 766 748 790
365 396 356 791
642 692 321 760
321 692 344 760
640 692 642 760
642 712 640 760
220 192 178 793
226 192 220 793
178 689 673 793
668 775 645 793
673 689 645 793
57 88 584 762
88 675 584 762
142 718 110 786
40 713 29 762
24 713 629 762
29 713 24 762
54 24 34 762
128 743 655 786
157 673 138 786
655 661 128 786
157 719 673 786
120 128 157 786
617 673 620 786
430 810 372 422
582 726 52 763
597 634 623 796
810 430 372 670
31 699 582 763
5 4 0 774
581 614 5 774
650 742 641 815
599 676 628 815
650 772 742 815
291 824 308 825
549 551 536 764
648 757 549 764
549 757 551 764
550 710 537 765
431 467 451 766
385 745 392 791
467 681 451 766
339 750 363 792
392 363 385 792
640 791 750 792
640 760 712 792
712 760 393 792
375 407 393 792
750 791 363 792
419 745 416 766
363 791 385 792
636 726 675 800
713 726 699 800
46 60 70 800
629 675 583 800
484 687 480 767
322 650 311 768
389 345 354 768
389 696 345 768
345 696 354 768
418 711 369 769
373 696 682 769
631 696 316 769
310 369 334 769
369 644 334 769
334 644 310 769
373 341 316 769
316 696 373 769
303 330 325 770
330 694 325 770
694 751 325 770
325 268 303 770
268 265 303 770
268 731 265 770
263 751 731 770
325 751 263 770
263 268 325 770
263 731 268 770
109 698 134 771
134 698 145 771
139 111 102 771
635 726 111 771
111 726 102 771
615 680 635 771
200 680 615 771
111 656 635 771
139 656 111 771
170 754 656 771
656 754 635 771
635 754 615 771
615 754 200 771
379 650 348 772
306 348 311 772
348 650 311 772
222 213 258 775
657 669 636 773
669 763 636 773
699 763 31 773
22 31 21 773
22 699 31 773
21 699 22 773
606 678 645 775
244 668 222 775
630 663 749 637
654 753 623 794
636 699 657 773
636 763 699 773
639 655 597 796
634 655 617 796
605 611 596 821
633 804 596 821
331 665 302 810
3 11 7 774
657 699 654 774
654 699 3 774
9 7 17 774
7 773 17 774
623 657 597 796
3 699 11 774
7 699 657 774
11 699 7 774
258 317 301 775
317 651 301 775
628 725 264 776
264 725 257 776
299 291 264 776
291 628 264 776
288 289 328 776
289 642 328 776
242 289 288 776
242 703 289 776
642 760 328 776
328 760 332 776
486 511 691 497
136 729 671 777
671 729 627 777
173 703 698 777
698 747 173 777
165 209 173 777
209 703 173 777
296 690 279 782
81 50 63 778
63 679 81 778
296 782 245 819
275 234 254 819
44 715 679 778
679 715 623 778
44 63 50 778
44 679 63 778
73 664 59 779
685 705 259 780
686 746 717 811
660 709 702 811
171 709 660 811
338 643 346 780
338 705 643 780
338 346 307 780
307 705 338 780
620 719 700 780
685 719 620 780
281 700 250 780
700 719 250 780
250 719 281 780
233 685 281 780
233 719 685 780
281 719 233 780
594 679 609 781
594 758 679 781
252 717 238 782
593 809 806 820
599 806 621 820
636 669 610 820
603 631 621 820
636 727 669 820
656 727 636 820
599 635 601 820
621 656 599 820
215 185 202 782
215 717 185 782
593 796 601 808
607 721 633 783
633 721 596 783
461 767 720 783
688 767 461 783
465 688 461 783
498 720 613 783
498 475 465 783
498 613 475 783
498 465 461 783
461 720 498 783
80 634 56 784
45 68 80 784
68 743 80 784
32 753 65 785
71 64 49 785
71 671 64 785
64 671 54 785
671 762 54 785
49 64 54 785
92 128 120 786
92 743 128 786
92 120 80 786
80 743 92 786
634 718 617 786
617 743 634 786
80 718 634 786
634 743 80 786
48 779 639 787
82 779 48 787
347 394 384 788
384 697 347 788
624 674 603 788
603 690 624 788
420 730 697 788
420 394 433 788
384 394 420 788
420 697 384 788
319 644 350 788
319 690 644 788
350 690 319 788
433 394 388 788
433 711 674 788
388 711 433 788
674 730 433 788
433 730 420 788
409 760 380 789
380 760 425 789
544 707 529 814
691 724 486 789
486 724 454 789
454 472 486 789
472 691 486 789
529 515 526 814
529 646 515 814
538 764 551 814
309 751 356 791
337 751 649 791
356 751 337 791
365 356 337 791
337 649 365 791
692 760 640 792
344 375 393 792
393 760 344 792
273 735 256 793
764 608 494 724
186 219 220 793
186 673 219 793
253 220 219 793
219 673 253 793
254 708 275 819
759 782 662 819
26 626 19 795
9 17 33 795
17 773 33 795
17 774 773 795
9 774 17 795
19 9 33 795
19 626 9 795
297 308 342 824
639 659 616 796
616 659 610 796
597 795 639 796
610 659 657 796
659 795 657 796
641 803 595 806
609 808 594 822
639 795 659 796
642 776 289 798
243 618 598 798
658 781 778 817
234 245 204 819
242 239 289 798
61 38 47 817
289 703 242 798
208 243 239 798
576 38 61 817
708 759 662 819
27 778 47 817
61 658 576 817
84 658 61 817
778 781 75 817
484 767 480 799
60 95 70 800
31 763 52 51
41 46 70 800
70 726 41 800
675 771 95 800
95 771 102 800
102 771 726 800
95 102 70 800
102 726 70 800
675 726 635 800
726 771 635 800
635 771 675 800
477 730 489 801
468 502 496 801
496 687 468 801
459 738 730 801
468 738 459 801
604 633 766 681
687 730 663 801
730 738 663 801
468 687 663 801
663 738 468 801
667 797 701 801
633 604 766 649
514 797 667 801
601 654 609 808
617 805 594 808
598 695 693 822
600 609 594 822
372 665 331 810
603 806 605 809
604 638 632 821
617 645 594 805
615 680 291 824
647 759 662 823
804 805 593 808
804 808 593 822
623 654 601 808
601 796 623 808
602 630 605 809
340 734 377 824
796 805 593 809
616 805 796 809
616 624 602 809
291 734 335 824
624 630 602 809
599 803 641 806
605 663 602 807
622 783 688 807
688 783 607 807
596 783 605 807
594 612 600 822
649 693 653 822
607 783 633 807
633 783 596 807
596 804 633 807
633 804 607 807
598 693 640 822
599 627 598 822
604 803 642 822
653 695 600 822
640 649 604 822
601 808 627 822
649 653 612 822
604 649 612 822
610 820 647 823
623 778 753 808
753 778 609 808
662 759 708 823
372 391 422 810
643 688 383 810
346 780 643 810
374 383 408 810
383 688 408 810
38 753 65 32
753 38 65 576
374 346 383 810
346 643 383 810
225 717 255 811
702 709 169 811
201 217 229 811
229 702 201 811
171 201 169 811
201 702 169 811
148 171 169 811
148 709 171 811
169 709 148 811
150 661 168 812
116 779 709 812
89 779 116 812
73 89 105 812
655 779 73 812
73 779 89 812
404 714 398 813
714 734 398 813
398 734 376 813
247 754 615 825
676 680 628 815
628 680 615 815
266 297 247 825
308 824 297 825
247 615 266 825
754 772 615 825
242 798 703 816
239 798 242 816
61 47 75 817
84 61 75 817
75 781 84 817
75 47 50 817
47 778 50 817
50 778 75 817
27 817 38 818
14 38 32 818
38 753 32 818
623 778 715 818
27 25 50 818
25 778 50 818
50 778 27 818
623 715 10 818
10 715 25 818
13 14 32 818
753 794 32 818
32 794 13 818
570 14 13 818
13 794 570 818
25 715 44 818
715 778 44 818
44 778 25 818
377 342 340 824
340 291 335 824
610 809 796 820
796 809 593 820
647 662 610 823
603 809 624 823
593 806 803 820
803 806 599 820
603 647 631 820
308 291 340 824
647 752 631 820
621 752 656 820
631 752 621 820
605 806 625 821
625 806 595 821
640 693 649 822
598 642 599 822
642 803 599 822
593 820 803 822
601 820 593 822
601 627 599 822
609 732 695 822
695 732 600 822
600 732 609 822
609 671 627 822
609 695 671 822
671 695 627 822
803 820 599 822
599 820 601 822
680 815 676 824
