5595  4
842 942 690 1152
909 951 554 1067
287 300 286 1042
755 823 727 1017
361 892 350 1297
186 200 189 1232
296 961 305 1293
946 1022 800 1163
1290 629 1347 653
991 1038 574 1064
227 871 787 1115
110 98 97 1259
447 443 445 410
801 980 758 1045
43 46 47 1052
522 439 492 838
651 680 589 1002
771 1042 286 1293
127 862 574 1151
103 118 112 1030
45 523 483 1286
792 846 737 907
676 1381 710 1249
482 526 36 556
500 10 8 1004
773 69 72 484
605 686 679 872
219 513 206 1267
894 1016 833 1293
791 936 739 939
902 925 74 936
215 622 224 1137
770 846 737 1020
583 1130 1015 1131
710 1285 714 1311
489 866 415 1225
323 996 315 1031
42 504 481 1003
224 217 216 848
227 1302 1115 218
637 1099 1033 1350
74 64 66 925
1000 1292 832 1307
83 1103 868 1345
1047 1054 162 1323
386 521 370 819
62 1082 1029 1147
659 692 634 1319
594 853 715 1139
208 924 864 984
693 1033 754 1221
223 1009 231 1292
693 873 783 1349
70 852 82 1343
436 440 413 1010
261 897 789 1102
817 936 757 1049
865 887 205 1036
542 818 775 869
818 869 715 1220
1320 1337 630 1359
703 809 671 928
38 732 1187 3
134 841 133 1268
878 1029 53 1082
42 28 504 1003
961 1042 833 1293
625 830 767 1028
648 1081 965 1282
814 823 727 1205
485 177 190 1253
131 862 127 879
731 907 756 973
589 671 652 1002
347 963 339 348
190 187 485 1253
223 222 232 1161
602 1008 778 1134
864 924 222 1161
744 925 817 1118
135 1038 149 1269
161 174 167 988
368 884 360 1086
1015 1131 1130 1265
459 458 493 835
722 883 599 1056
592 1377 738 1376
54 949 912 1073
170 160 176 600
348 875 359 1297
39 569 528 581
786 1377 1376 738
312 1032 318 1057
277 279 268 1001
263 267 255 1266
899 960 831 1039
1105 1371 1372 1094
318 1031 793 1032
69 733 78 1207
851 895 617 1281
561 1082 950 1325
1156 1211 477 1318
204 1167 995 1232
684 745 730 867
763 1034 858 1243
311 303 316 938
478 1096 1095 1301
67 52 56 61
984 1288 1167 1294
786 914 690 930
623 932 856 974
584 929 888 1156
725 817 757 829
536 410 409 726
946 1036 881 1214
654 669 540 670
904 1017 108 1298
137 823 144 1080
419 454 460 713
698 699 558 1061
552 1115 983 1304
179 1036 946 1214
325 314 329 1174
776 890 889 987
113 908 109 1050
313 1134 327 1142
226 224 237 848
646 829 757 908
395 383 392 623
134 142 501 841
146 969 138 1044
819 1013 370 1255
723 892 813 1297
560 1082 878 1325
780 804 271 1110
251 959 260 982
914 1376 786 676
181 600 176 627
514 191 182 1136
119 118 105 1030
364 923 374 932
928 1157 731 680
872 986 605 996
1099 1258 1033 1359
725 1166 678 1191
395 404 401 612
224 848 216 1137
344 343 353 805
307 1134 1008 1182
639 875 723 990
184 183 171 843
753 692 946 1211
845 905 1070 769
194 184 197 843
919 963 770 1075
399 910 401 1121
1186 1357 563 585
148 501 142 841
498 1047 161 1054
496 435 433 777
258 1041 948 1112
179 172 181 621
1028 1069 571 1289
599 782 608 883
890 1119 565 1315
174 180 167 1216
1341 1342 1240 1365
268 265 277 261
142 152 148 841
1308 1357 1186 1334
1337 1358 1099 1359
748 757 677 791
842 1136 995 1216
133 841 148 1054
181 193 179 621
36 10 500 1004
600 926 163 1088
268 1001 771 1102
832 1009 223 1292
594 699 698 818
731 898 803 973
737 816 756 917
664 665 542 910
345 980 335 1045
746 862 618 879
819 869 715 1139
37 19 21 23
709 722 541 834
720 898 594 1046
639 849 799 1203
386 385 521 819
94 87 99 1238
342 336 480 874
203 794 191 842
158 618 141 879
972 1117 710 1311
444 446 537 785
103 90 105 1098
831 939 681 1039
985 863 1227 1114
413 436 438 440
800 946 772 1022
222 924 921 1161
528 580 37 591
1099 1359 1228 1367
781 1236 902 1274
746 879 618 926
794 842 690 1152
871 948 752 1158
91 883 90 1098
267 1070 625 1266
757 791 748 908
609 927 725 1212
687 863 741 1295
1057 1123 793 1210
1189 1262 1188 1329
749 1203 1078 1282
239 967 234 1292
352 966 717 1306
40 2 0 561
112 1049 829 1268
166 176 163 1272
36 526 12 577
44 1084 1039 1085
296 305 291 1293
669 764 763 880
92 1043 95 1250
265 255 267 273
40 483 6 1125
298 624 304 1182
20 43 24 557
555 678 634 725
192 206 195 611
86 1043 95 1100
558 699 698 720
417 445 410 447
209 199 202 1006
896 1037 836 1145
1056 1100 587 1160
473 474 431 1132
155 166 156 1200
363 715 370 940
753 887 588 946
643 1048 790 1081
678 1155 979 1191
793 905 686 996
277 261 265 614
543 951 554 1052
198 191 203 794
250 259 258 1112
924 984 208 1226
551 896 39 989
868 1103 714 1108
238 1027 871 1158
833 907 731 961
682 1111 780 1144
823 971 808 1205
219 787 503 920
455 705 418 811
553 896 837 989
434 436 412 1010
755 1007 903 1298
748 941 814 1050
863 985 269 1114
603 871 759 1260
388 1078 849 1113
695 808 754 891
558 699 680 1061
398 536 409 1113
246 238 248 1027
722 820 541 968
664 910 869 1171
870 1044 942 1080
951 1067 1052 1275
353 357 364 923
1065 1144 864 1261
90 86 95 1100
548 979 1313 1314
687 1005 846 1020
341 1046 898 1305
772 927 850 1269
223 1161 232 1261
787 1115 620 1304
799 892 758 970
671 1096 652 1301
1059 1128 1127 1220
882 913 592 969
637 1334 1332 1356
818 1128 1060 1220
637 1280 635 1356
242 595 252 897
617 895 877 1251
104 908 113 1050
802 841 724 1120
163 1088 151 1140
82 1251 71 1343
400 419 411 1169
192 611 195 627
511 265 273 830
105 1030 103 1098
161 891 174 988
120 935 138 969
725 927 772 1212
124 118 128 1066
523 590 36 1004
607 912 54 949
318 1031 495 1210
245 921 886 1161
686 845 793 962
525 17 44 550
9 11 41 732
280 267 263 1070
832 864 223 1009
258 1112 948 1158
695 843 815 1047
841 1066 802 1268
115 903 108 1298
597 909 820 1324
949 1029 947 1217
1020 1242 931 1299
281 830 282 1239
786 1374 914 930
828 942 676 1105
576 590 45 1089
614 277 1102 1001
1000 1112 244 1158
1357 1334 1356 476
188 1036 201 1163
17 19 44 900
796 809 703 848
612 1074 992 1209
725 599 1154 1166
346 1122 917 1168
202 1006 199 1253
885 971 121 1138
584 833 803 1042
757 817 739 936
992 1173 766 1185
401 414 399 1121
601 974 856 1255
637 1333 1099 1334
319 907 305 961
155 942 165 1200
161 167 153 988
227 221 233 871
230 220 240 595
594 715 699 818
275 788 285 1114
833 961 803 1042
883 1118 76 1160
120 1159 110 1259
46 1073 1072 1213
715 869 819 1220
766 785 537 1077
144 988 153 1080
181 195 193 621
63 987 733 1116
62 949 45 1147
731 803 584 833
251 886 245 959
343 805 616 944
1002 1020 792 1111
626 1234 1025 1235
497 247 251 982
390 397 387 880
868 1107 97 1345
1129 1241 844 1263
81 87 74 1135
848 887 588 1211
1302 210 218 221
201 190 188 1163
62 1029 72 1279
931 1093 918 1336
820 883 722 1056
769 1028 905 1070
207 1101 611 1267
786 1376 1375 592
179 1022 169 1214
435 492 437 838
400 1192 399 1219
766 1074 992 1185
38 547 48 952
384 922 375 940
865 887 604 1137
807 1237 626 1339
823 828 754 1080
854 966 605 986
627 1026 1272 1126
699 756 735 893
734 860 780 982
336 798 480 874
664 1121 712 1303
676 1094 1378 582
1140 1375 930 913
525 13 15 567
195 611 207 1071
739 1143 708 1191
799 844 700 1129
390 387 377 1035
132 885 121 1138
942 1080 159 1273
728 945 842 983
143 1120 1066 1269
286 1042 296 1293
393 1074 601 1317
325 846 314 1174
815 906 724 1323
1290 1360 1348 1367
185 794 198 983
841 1138 133 1268
334 325 329 963
252 240 255 595
378 974 374 383
195 621 611 1071
254 517 270 771
726 916 674 1132
0 1 38 564
850 1038 933 1064
763 880 764 1034
44 900 37 1087
283 509 285 994
1058 1059 660 1127
142 841 134 1120
748 971 814 1205
273 625 267 830
944 966 343 1164
1342 1364 1240 1365
624 1069 304 1278
138 126 136 1044
828 1033 637 1105
383 974 623 1317
50 569 551 1145
211 222 223 864
792 1020 846 1111
542 869 664 910
250 1000 967 1112
652 1002 671 1144
428 702 416 866
230 242 224 1141
557 976 46 1052
299 1057 310 1210
814 1050 941 1252
162 1047 498 1054
206 1190 611 1304
595 625 252 789
325 334 322 1075
640 660 642 735
687 1020 655 1111
42 47 52 1178
661 695 644 1270
378 370 367 1255
677 757 739 791
879 1151 140 1165
774 775 542 818
655 780 734 788
752 1041 948 1331
320 1025 317 1278
668 1148 993 1290
1228 1350 645 1359
1049 1135 936 1238
97 868 89 1107
520 212 217 1097
847 1081 643 1146
935 1108 882 1259
676 823 755 870
927 1038 850 1269
480 533 342 874
634 555 725 1212
986 996 571 1025
1241 1263 1148 1312
4 3 38 564
166 930 156 1200
407 405 397 934
837 1067 541 1276
642 1060 641 1128
126 903 870 935
265 789 625 830
1051 1211 634 1318
893 898 756 1023
179 1022 946 1163
789 897 614 1102
189 995 196 1136
405 593 392 1265
731 833 691 928
409 726 474 916
703 848 691 1156
532 312 299 1057
29 39 528 581
738 786 676 870
770 919 723 963
507 989 39 1296
379 394 382 849
535 364 374 974
725 1154 599 555
181 621 600 627
119 1038 850 1064
144 823 130 971
764 858 763 1034
414 450 452 743
654 701 670 934
607 947 912 949
335 798 330 1032
292 294 280 1271
356 1023 893 1168
1005 1110 792 1111
676 828 823 870
309 1042 1008 1142
210 945 213 1302
48 1116 878 1189
321 317 326 807
1117 1285 710 1311
237 929 848 1141
677 757 748 1143
40 510 45 1082
78 88 89 1207
710 738 676 755
755 825 710 972
107 119 105 1064
544 1173 992 1185
902 936 65 1300
287 286 279 1042
180 842 173 1216
737 846 770 963
433 474 496 777
23 580 37 900
587 1056 1043 1100
325 963 334 1075
946 1211 692 1212
365 922 893 940
186 1216 891 1232
725 802 646 1018
735 1127 642 1128
410 857 821 1048
683 957 955 993
64 902 50 1274
826 893 735 922
592 935 1377 969
366 360 358 1086
403 1224 1034 1243
918 1299 650 1322
11 579 41 732
572 1275 1067 1277
1002 1111 682 1144
186 194 200 1294
747 863 288 901
264 780 271 1110
1204 1335 1092 1360
98 895 110 1281
286 771 279 1042
603 759 752 1260
135 131 141 1038
289 1016 278 291
647 1104 965 1203
1346 1280 636 1356
702 729 412 934
393 601 378 1317
659 703 671 928
721 744 722 834
827 1041 752 1331
848 1019 809 1076
740 758 700 801
624 1183 298 1206
923 1131 583 1164
737 907 846 1174
876 989 896 1145
698 699 594 720
74 87 77 936
651 997 666 1002
177 1163 190 1253
42 32 28 1003
761 787 620 1190
723 737 639 770
770 1020 639 1109
685 1249 1247 1284
1196 1310 1195 1362
595 789 252 897
844 1129 1124 1241
891 1216 795 1232
589 680 659 928
232 229 236 1161
344 805 353 1264
86 85 92 1251
638 1310 644 1369
692 703 671 1319
65 68 57 939
692 927 772 946
331 874 342 966
617 895 100 1281
332 327 341 1305
942 1044 145 1080
942 1216 828 1273
704 857 417 915
774 1060 775 1220
719 939 831 1039
447 443 410 857
692 1211 1051 1212
758 980 884 1086
618 933 609 1038
634 1211 692 1318
739 781 708 1244
261 789 614 1102
413 440 442 1208
1016 289 278 276
198 983 203 1115
588 848 604 887
823 1017 870 1080
761 920 595 1291
43 24 22 20
752 1112 1000 1158
1228 1334 694 1350
912 947 559 949
575 1301 1184 1353
406 915 857 1048
807 1068 626 1182
484 69 79 773
128 134 124 1066
646 724 695 815
906 958 772 1215
551 1037 896 1145
808 988 823 1205
519 352 360 884
398 409 472 916
904 1017 823 1252
1014 1301 652 1355
756 893 699 898
571 872 769 905
639 770 737 1020
881 946 588 1036
788 994 285 1114
167 173 159 1273
177 169 179 1022
747 1032 740 1295
330 533 480 798
136 870 145 1044
1148 1241 1129 1263
1040 1050 791 1238
644 1143 646 1184
537 413 444 785
753 796 703 848
758 799 700 892
202 190 201 1163
430 412 416 702
735 756 666 816
651 699 666 1128
758 970 892 1086
227 787 218 1115
355 353 367 1264
532 901 312 1057
757 1143 739 1191
710 1380 1379 1285
320 1025 571 1235
125 126 115 1017
556 1072 976 1073
694 1202 1041 1331
724 802 646 829
316 314 325 846
678 1166 1155 1191
682 1002 792 1111
671 1002 682 1144
931 1093 630 1322
227 871 238 1027
958 1022 800 1215
74 1118 81 1135
798 874 717 980
792 894 682 1016
492 435 496 838
676 755 738 870
740 747 741 1202
309 313 319 1142
519 360 368 884
706 953 749 1124
559 1147 950 1180
752 1041 827 1112
185 488 182 794
1388 1280 636 1387
103 1030 112 1049
1143 1155 708 1191
530 110 97 1259
717 884 352 1306
385 384 375 940
79 773 69 1207
1238 87 93 94
942 1044 786 1200
883 1098 91 1135
1060 1128 1059 1220
200 194 211 984
756 907 731 1002
775 1060 1059 1220
184 171 178 1201
141 140 150 879
1116 1117 733 1311
331 996 616 1235
670 701 669 934
346 356 354 1168
521 375 370 940
793 845 686 1123
731 928 680 1002
731 961 907 973
676 727 658 755
36 1004 590 1179
703 750 671 809
1014 1065 655 1144
1153 1192 400 1219
782 1098 1064 1100
647 1146 631 1204
610 1088 913 1140
275 1110 788 1114
776 889 718 987
333 320 331 1235
318 1032 793 1057
725 1154 555 1166
878 1082 560 1217
976 1072 46 1073
297 509 293 994
255 625 595 1266
206 198 218 1115
700 799 758 970
169 1022 927 1214
605 986 717 996
62 54 45 949
863 994 788 1114
144 153 159 1080
655 1227 645 1229
211 223 1167 984
906 1018 772 1254
958 1226 800 1253
724 1138 841 1268
470 1060 698 1061
955 957 956 1150
812 1085 1021 1256
260 804 271 982
806 877 851 895
88 824 96 1007
849 1081 1048 1113
293 289 301 1005
87 1238 93 80
496 726 492 838
772 1022 927 1215
635 1333 637 1356
737 1002 666 1020
248 1027 238 1158
993 1150 955 1308
57 44 51 1039
670 934 880 1265
699 735 666 1128
799 1129 700 1203
303 301 314 1005
780 1111 655 1144
39 30 33 568
1222 425 408 415
1106 1151 610 1165
727 904 755 1017
633 658 657 1248
24 538 481 1063
759 783 637 873
543 912 559 1180
1026 627 1272 619
652 1020 1002 1111
56 925 876 1118
954 1358 1337 1359
235 1027 246 1291
57 51 65 1300
394 398 388 1113
498 161 147 1054
594 720 699 898
1311 773 1283 714
795 1270 891 1288
63 1116 48 1189
473 707 423 1198
417 705 453 742
661 1065 736 1270
984 1232 200 1294
620 871 787 1027
751 796 692 800
679 769 686 845
221 213 225 1302
319 313 327 1142
320 996 571 1289
483 1082 45 1125
338 499 333 807
823 988 754 1205
780 860 734 1114
736 751 661 843
308 302 315 1210
599 782 725 850
858 1034 764 1223
331 336 342 874
645 1231 1228 1359
105 1098 90 1100
804 959 886 982
407 880 397 1034
397 880 390 1243
884 970 758 1086
516 374 357 1164
772 800 692 946
420 489 415 1225
622 1071 215 1101
419 399 414 1121
5 6 2 40
794 983 185 1126
806 895 82 1251
1239 1271 294 1289
46 1052 976 1073
861 915 391 1048
641 651 578 1128
387 380 373 1131
525 49 41 550
691 894 809 928
629 1287 1150 1290
677 719 656 812
818 869 542 1139
666 1242 1020 1299
787 871 227 1027
677 831 719 939
807 1134 602 1237
90 103 91 1098
1047 1201 815 1323
639 1020 931 1109
528 581 580 591
302 1123 905 1271
401 1074 393 1317
572 586 47 1275
698 818 699 1061
923 944 357 1164
692 751 703 796
621 1036 865 1071
843 891 736 1294
278 286 291 1293
833 894 691 928
397 880 407 934
553 989 837 1178
757 829 817 1049
214 225 213 1307
557 1052 977 1275
1009 1065 864 1261
780 886 682 1144
905 1123 302 1210
412 405 407 934
855 1199 779 1283
569 1037 551 1145
767 789 1206 830
473 425 1222 424
295 830 281 1239
355 367 370 1013
371 366 358 892
226 1019 520 1097
666 699 651 1002
151 1140 610 1165
758 993 700 1148
165 175 166 1200
753 1006 887 1163
65 939 936 1040
419 1121 697 1169
44 1039 899 1087
688 1246 685 1284
294 306 295 1289
453 418 455 705
323 495 318 1031
302 294 292 1271
382 369 379 813
418 811 705 1058
1065 1288 645 1349
1001 1008 287 1042
344 355 341 1264
790 1146 639 1242
416 866 764 1034
1248 1249 1133 1342
526 18 16 1213
715 1013 819 1139
975 1221 693 1270
1194 1195 546 1196
886 921 750 1161
335 337 345 1045
381 384 389 1175
226 848 237 1019
1008 1042 803 1142
778 1008 803 1134
1105 1372 1371 983
635 1099 637 1333
230 595 242 897
961 1042 309 1142
676 582 1383 1094
259 250 257 985
58 70 71 607
1073 1180 556 1181
115 108 116 904
311 532 297 901
402 411 418 1153
1140 1375 913 969
786 1376 592 738
1283 1285 1117 1311
910 1074 401 1303
348 339 346 1122
127 140 131 879
699 715 594 898
773 1217 878 1283
753 1211 703 1318
256 508 260 959
925 968 876 1118
690 842 728 942
497 260 264 982
1192 1219 826 1220
380 383 374 623
549 1093 1092 1336
819 1149 494 1192
644 661 638 1184
870 1017 137 1080
271 804 276 1110
365 922 372 1168
236 241 245 1019
358 1045 892 1086
809 886 682 1162
605 717 686 996
771 270 268 517
900 937 580 1087
285 863 288 1114
968 1067 61 1324
58 607 597 912
646 748 695 885
253 254 241 1076
172 600 181 1083
792 894 833 928
772 850 802 1269
719 831 677 1193
939 719 1085 1039
558 720 680 731
739 925 902 936
816 875 737 990
698 470 774 1060
699 720 558 731
638 1184 661 1301
589 997 651 1002
847 965 648 1081
643 735 640 790
812 1021 941 1256
1338 1347 465 1091
481 47 42 586
718 779 657 1117
300 313 309 1008
786 935 738 969
700 801 758 892
828 870 676 942
538 977 481 1063
41 567 550 579
137 145 136 870
760 948 603 1027
161 808 147 1054
96 88 84 824
508 271 260 804
138 935 126 1044
342 349 352 874
913 969 610 1140
522 492 410 726
896 989 551 1145
285 509 297 994
574 1106 127 1151
489 422 427 866
888 981 614 1001
284 281 295 830
682 886 804 959
492 726 522 838
80 77 87 1040
66 64 56 925
676 1105 1094 1280
441 439 522 838
553 1178 837 1277
234 249 250 967
964 1204 1146 1242
646 757 725 1191
727 1205 754 1221
766 1077 1074 1185
808 885 695 1205
810 1153 1058 1172
686 996 798 1031
511 284 265 830
1248 1249 657 1284
606 851 110 1259
803 973 898 1305
773 878 59 1116
706 749 663 1124
365 363 375 940
321 807 338 1134
135 850 119 1038
757 817 725 1191
1127 1128 826 1220
362 369 990 372
676 870 786 942
95 617 107 1043
196 189 200 1232
520 217 226 1097
599 725 609 850
659 1157 477 1156
42 506 491 529
1231 1338 1093 1360
321 499 338 807
1133 1240 545 1342
658 1248 633 1342
271 804 780 982
782 1064 608 1100
441 822 410 857
467 1314 1197 1354
676 1033 828 1105
175 794 185 1126
883 1118 817 1135
79 78 89 1207
752 871 603 948
50 1145 64 1274
195 207 193 1071
17 550 525 567
693 795 728 873
612 1074 401 1317
133 885 841 1054
543 1073 912 1180
197 984 843 1226
283 788 293 994
677 1309 1143 1310
422 426 415 489
410 443 441 857
1101 1190 611 1267
820 968 883 1160
807 307 317 304
673 915 705 1058
386 819 370 1255
47 1067 52 1178
39 896 551 911
49 1084 44 1085
515 949 54 1181
40 38 48 952
871 1000 233 1158
734 1065 1009 1261
170 181 172 600
1082 1147 950 1217
223 1009 864 1261
704 742 705 915
261 268 262 1102
750 751 671 1014
310 318 495 1210
686 962 793 1202
239 860 249 967
721 722 709 834
635 1328 1099 1333
901 1257 1032 1295
122 574 127 862
740 1032 686 1176
867 880 745 1265
642 666 640 735
649 665 664 910
24 977 538 1063
373 1035 387 1131
818 1061 1060 1128
502 488 175 794
604 929 897 1141
43 538 24 557
824 972 733 1021
752 1000 871 1158
848 929 237 1076
961 973 803 1142
734 1009 247 1261
837 968 541 1067
773 1311 1283 1116
639 799 723 919
719 812 677 939
622 865 604 1137
174 180 173 167
792 907 833 961
115 904 116 1017
491 35 529 506
686 798 717 980
869 910 399 1121
902 925 781 1274
810 1127 1058 1153
24 557 538 977
18 526 482 1213
482 46 43 1072
615 948 263 1070
786 942 690 1105
330 480 336 798
357 1164 352 516
342 352 534 966
824 1021 941 1321
636 1332 476 1356
692 703 659 1318
420 422 489 866
262 771 517 1076
691 888 584 929
425 1222 408 473
686 905 872 996
363 898 351 1013
207 205 193 1071
692 772 725 1018
758 1032 740 1176
36 590 576 1179
1002 1299 652 1327
356 363 365 893
64 74 65 902
747 901 288 1057
215 207 220 1101
116 125 115 1017
703 751 671 924
593 934 670 1265
611 621 195 627
608 883 782 1100
795 891 754 988
626 1234 807 1339
503 228 219 920
39 551 50 569
345 1045 358 1086
1324 61 71 58
26 504 28 1003
201 209 202 1006
1002 1020 652 1299
274 948 258 1041
837 876 834 968
609 881 618 927
521 385 375 940
355 1013 898 1264
291 1016 278 1293
181 176 192 627
792 928 731 1002
918 1299 1351 650
825 1021 972 1321
1099 1350 1228 1359
691 1076 809 1162
797 1107 868 1108
646 757 748 908
658 727 676 1033
594 898 715 1013
109 94 104 1050
736 984 843 1294
487 733 73 824
147 132 133 1054
114 120 530 935
231 1009 239 1292
754 823 727 828
793 962 845 1123
372 990 362 1168
536 398 394 1113
312 310 299 1057
677 791 739 939
89 102 97 1107
851 895 110 1259
1247 1249 1248 1284
137 130 144 823
252 625 265 789
737 875 639 990
799 970 844 1078
417 857 406 915
364 932 374 974
311 297 303 994
1103 1108 868 1345
307 1008 298 1182
726 822 522 838
231 223 1261 1009
381 391 379 990
483 500 6 1286
566 681 677 739
81 74 66 1118
412 1010 413 1012
802 841 134 1066
970 1078 396 1243
768 1039 681 1300
1204 1242 631 1335
1026 930 1373 1374
947 1029 711 1217
901 1032 747 1295
123 124 134 1268
539 1147 947 1217
823 988 144 1080
121 116 109 971
406 410 394 1048
183 843 194 1294
851 877 617 895
866 1034 415 1225
1094 1385 1384 1280
399 419 400 1169
668 1228 740 1229
733 824 78 1207
191 794 182 842
700 993 668 1148
396 398 408 749
560 1082 950 1217
715 819 370 940
388 382 379 394
35 506 39 1296
768 1087 1039 1300
352 874 717 966
160 163 176 600
335 980 798 1032
664 869 542 1171
739 902 681 939
460 697 419 713
294 1271 905 1289
1228 1229 668 1231
179 946 188 1163
419 713 697 1121
815 958 751 1254
143 1066 128 1269
750 921 703 924
544 1011 992 1209
723 813 799 849
734 1065 655 1227
80 941 84 1040
943 948 845 1331
1034 1224 858 1243
588 887 865 1036
1033 1099 637 1280
111 574 107 617
99 112 104 1049
265 284 277 830
1058 1127 915 1153
406 402 417 915
1052 1067 909 1324
635 1258 1099 1366
912 1073 949 1180
331 323 336 996
887 946 753 1163
604 865 588 887
1184 1301 638 1352
666 756 699 1002
1186 1332 694 1334
691 848 809 1076
1223 1224 1034 1225
826 1128 715 1220
701 702 669 934
892 919 801 1045
784 920 761 1291
350 892 358 1045
114 530 102 1316
399 910 869 1149
398 396 1078 749
624 1182 298 1183
637 783 693 873
276 1016 289 1110
610 913 882 969
144 147 153 808
927 1022 946 1214
658 710 676 755
917 963 737 1122
737 770 723 875
310 1057 793 1210
727 1033 658 1221
46 976 557 1072
845 943 615 948
342 874 352 966
72 868 83 1103
84 68 80 1040
480 798 533 874
53 1082 62 1147
942 1152 165 1200
175 690 1200 794
554 597 543 1052
837 989 876 1178
715 826 699 1128
974 378 374 535
861 990 381 1175
160 158 505 926
359 723 369 813
715 898 363 1013
378 1149 386 1255
1043 1056 608 1100
72 1103 70 1279
843 984 194 1294
1222 408 1224 415
1117 1249 658 1285
935 969 786 1044
41 44 49 525
83 72 484 868
907 917 756 973
175 1126 176 1272
49 550 44 1084
988 1216 167 1273
687 938 788 994
527 27 29 581
206 627 192 1304
979 1155 1143 1191
903 1017 755 1298
157 143 154 1120
646 802 725 829
282 1070 280 1271
270 894 266 1162
83 79 89 868
727 823 676 828
644 1055 677 1310
778 1008 981 1042
893 1023 816 1168
660 735 643 861
725 850 772 927
381 389 391 1175
44 550 17 900
793 1032 747 1057
529 31 32 573
103 112 99 1049
73 733 60 1256
220 224 215 622
1231 1359 1337 1367
573 911 553 1296
1033 1221 975 1258
332 340 328 973
639 1204 931 1242
1248 1342 545 1365
408 1222 1224 473
738 797 710 1108
691 731 584 833
381 861 391 990
195 621 181 627
153 147 161 808
405 412 413 1012
739 791 757 936
76 883 81 1118
363 351 355 1013
699 731 651 1002
750 809 703 921
232 236 243 1161
322 316 325 1075
950 1147 576 1180
645 1270 693 1288
221 1000 871 1302
915 1153 861 1175
216 1006 887 1097
848 887 753 1006
41 11 525 567
677 812 791 939
690 175 1200 930
975 1221 658 1258
194 984 200 1294
888 929 604 1156
735 861 826 1175
1067 1178 572 1277
1314 1369 1354 1370
1029 1082 878 1217
25 27 527 591
767 830 295 1239
845 1202 679 1331
338 1134 807 1237
969 1375 913 592
915 1127 861 1153
691 809 703 928
681 739 566 1244
77 1040 936 1238
11 567 41 579
786 1044 930 1200
176 166 175 1272
724 1047 815 1323
131 574 122 862
372 922 381 990
798 345 980 335
1150 1334 667 1308
360 352 349 884
796 1006 800 1226
670 867 593 1265
410 822 821 857
90 91 81 883
243 886 251 982
206 1190 787 1267
307 313 300 1008
638 661 644 975
279 286 270 771
414 446 785 537
362 365 372 1168
38 1 4 564
608 782 599 933
733 972 824 1207
525 550 41 567
668 1109 700 1204
200 214 204 1167
342 533 349 874
240 252 242 595
715 853 594 1013
639 790 723 849
484 773 79 868
777 822 726 838
65 74 77 936
790 849 639 1146
648 726 674 1132
1173 1208 840 1209
263 248 258 948
966 1164 854 1306
637 752 694 783
419 697 460 1169
1170 1218 1171 1219
461 456 418 811
187 199 184 1226
817 883 744 1118
829 1030 817 1049
184 1201 958 1226
401 1209 612 404
413 766 442 785
220 595 230 761
665 1074 910 1303
858 859 706 1124
257 860 269 985
609 946 927 1212
252 595 255 625
459 419 460 835
644 695 661 1184
152 157 168 906
636 1280 637 1332
179 621 193 1036
496 777 726 838
930 1373 914 690
31 42 529 32
661 815 695 843
614 1001 981 1183
954 1337 1320 1359
588 946 881 1212
601 1149 378 1255
362 875 354 1168
767 1069 1028 1239
703 1156 659 1318
817 1030 782 1098
0 1 40 38
754 891 808 988
663 1124 749 1129
109 971 116 1252
862 879 746 1151
695 736 661 843
948 1041 752 1112
755 1017 904 1298
1348 1360 1338 1367
201 188 193 1036
377 373 368 1035
83 484 79 868
12 1004 36 1179
849 990 379 1048
693 1349 783 1350
666 735 642 1128
149 169 154 927
596 679 605 686
75 71 85 587
315 320 308 996
389 861 391 1175
33 35 39 568
793 1123 905 1210
78 824 88 1207
88 1007 89 1207
381 379 372 990
381 922 375 384
799 849 813 1078
846 917 737 1174
57 49 44 1039
922 381 375 372
655 1065 645 1227
602 807 626 1182
248 263 246 1027
389 385 400 1192
394 391 406 1048
1069 1278 571 1289
420 489 422 415
74 902 64 925
559 949 947 1147
357 805 343 944
560 950 539 1217
389 400 402 1153
84 487 73 824
69 78 79 1207
572 1177 553 1178
145 942 155 1044
802 829 724 841
155 145 159 942
946 1022 179 1214
675 471 721 1166
62 1147 1029 1279
77 936 87 1238
72 773 484 868
869 1219 1192 1220
635 1099 1033 1280
876 968 56 1118
765 992 649 1074
736 1288 984 1294
206 611 192 627
800 958 772 1254
596 563 585 1186
596 1176 993 1186
594 1013 853 1046
833 1016 792 1293
586 977 47 1275
39 50 528 569
668 1204 1148 1290
780 860 264 982
27 581 527 591
588 946 887 1036
194 843 197 984
706 953 859 1198
734 860 247 1009
595 761 228 920
737 907 756 1002
1065 1227 832 1349
301 1005 289 1016
803 961 731 973
675 708 548 1155
745 1015 867 1265
634 692 1051 1212
774 818 698 1060
643 660 640 735
604 848 588 1211
792 961 833 1293
193 621 205 1036
615 1028 769 1070
666 735 699 756
1067 1275 951 1277
278 1016 894 1293
1090 1104 647 1203
873 1000 783 1307
783 967 827 1227
710 972 825 1117
883 1100 1056 1160
524 1119 48 1189
870 903 126 1017
137 1017 823 1080
151 1088 610 1140
456 455 418 811
211 864 223 984
541 968 909 1067
601 1074 612 1317
1143 1184 979 1191
760 1027 246 1266
695 891 843 1047
206 787 219 1267
834 837 836 876
972 1021 825 1117
645 975 661 1320
189 1136 180 1216
662 1090 653 1148
832 1292 214 1307
607 852 70 1343
637 728 693 1033
356 893 365 1168
409 916 398 1113
738 870 755 903
315 323 331 996
748 885 646 908
441 522 410 822
782 850 599 933
1107 1259 97 1345
744 782 599 883
686 1186 679 1202
850 927 609 1038
239 1009 967 1292
740 1228 741 1229
45 1082 53 1147
496 409 410 726
102 110 97 530
183 194 186 1294
391 915 406 1048
933 1038 991 1064
45 576 36 590
48 878 40 952
756 816 735 893
313 307 321 1134
552 1126 1026 1304
1010 1208 413 1209
671 750 703 924
351 341 355 898
1119 1189 565 1315
770 963 846 1075
327 1142 1134 1305
1143 1184 644 1369
714 868 773 1029
97 1259 98 1345
592 786 738 969
671 1096 589 1327
238 246 235 1027
767 1028 830 1239
383 623 395 1317
374 373 380 1131
728 759 637 873
363 355 370 1013
565 38 1189 524
54 46 515 1073
759 873 728 945
80 941 1050 93
826 1219 1153 1220
551 569 39 581
82 490 85 1251
212 199 209 1006
744 817 782 883
86 1250 85 1251
645 1227 1065 1349
556 1073 46 1213
245 921 236 1019
1034 1223 858 1224
686 1032 980 1176
120 110 530 1259
285 788 283 994
717 798 686 996
599 850 609 933
905 1123 845 1271
658 1221 1033 1258
889 987 890 1315
975 1320 645 1359
414 785 1077 537
772 1018 692 1254
634 692 659 1318
457 418 411 461
457 456 418 461
1033 1105 676 1280
714 1029 773 1217
39 568 551 581
945 995 842 1136
689 738 710 1108
320 996 331 1235
724 815 646 906
710 797 714 1108
840 1010 701 1012
802 1066 829 1268
723 790 639 990
82 607 70 1103
147 133 148 1054
614 897 888 1102
693 795 754 828
951 1276 1067 1277
746 879 610 1151
452 454 414 713
101 904 108 1298
593 612 395 1130
637 1332 1280 1356
636 716 585 1332
964 1242 1062 1335
599 725 555 1212
660 861 672 915
240 242 230 595
687 846 770 1020
418 411 461 811
450 743 414 1077
365 893 363 940
691 1001 771 1042
110 1159 606 1259
109 908 113 1138
892 970 366 1086
59 878 48 1116
187 184 178 958
936 939 65 1300
1204 1231 1093 1360
1299 650 1326 1327
536 726 409 1113
987 1116 63 1189
58 46 54 1073
1041 288 274 290
720 803 731 898
42 1178 507 1296
790 1048 849 1081
186 174 183 1294
222 921 229 1161
714 1029 711 1079
410 492 496 726
545 1248 1133 1342
340 332 351 1023
1013 1046 898 1264
796 921 809 1019
646 1143 757 1191
61 1160 968 1324
336 323 330 798
230 622 595 897
643 964 847 1146
376 892 371 1078
91 103 99 1135
595 622 230 761
578 666 651 997
291 286 296 1293
565 1189 1187 1262
386 494 385 819
1092 1091 1347 1360
695 724 646 885
999 1351 918 1299
42 573 32 1177
363 893 356 1023
249 860 257 967
315 331 320 996
655 1020 652 1111
655 931 652 1020
51 1087 50 1300
478 1096 1301 1327
414 454 419 713
561 1089 1082 1125
738 903 797 1316
672 915 861 1048
155 146 145 1044
1087 1274 50 1300
411 1153 400 1219
692 796 753 800
182 842 514 1136
754 988 823 1080
248 238 244 1158
1029 1147 1082 1217
783 967 832 1000
40 561 0 952
337 919 350 1045
741 1229 687 1295
658 1249 710 1285
954 1320 975 1359
651 731 680 1002
374 923 623 932
570 1280 1346 1356
247 860 249 1009
921 924 750 1161
106 101 96 904
285 275 283 788
358 345 350 1045
1081 1113 849 1282
948 1112 752 1158
969 1044 146 1140
98 518 490 895
473 916 474 1132
257 967 860 985
772 958 906 1254
699 826 715 893
717 966 854 1306
657 1249 1248 1342
682 894 804 1016
45 1089 1082 1147
78 733 487 824
183 1047 843 1294
1249 570 1383 1245
656 1055 633 1361
284 767 295 1206
461 411 463 811
604 929 848 1156
176 175 185 1126
341 1134 338 1237
1001 1183 614 1206
283 275 271 1110
699 826 735 1128
344 1237 613 1264
40 0 38 952
584 731 691 928
251 260 497 982
790 1081 849 1146
116 971 130 1252
853 1046 1264 613
316 322 311 938
785 414 1077 448
141 505 158 879
115 114 108 903
787 1190 761 1267
172 926 600 1083
858 1124 763 1243
759 945 728 983
837 1178 1067 1277
1082 1089 45 1125
736 843 695 891
789 767 1206 614
771 1001 888 1102
133 132 121 1138
828 1216 988 1273
223 832 214 1167
98 83 97 1345
214 213 204 1307
126 935 870 1044
703 809 691 848
1053 506 35 491
631 1092 1090 1204
791 812 677 941
1051 555 634 1212
169 164 154 1022
1011 1012 405 1209
278 266 270 894
736 864 843 984
243 245 251 886
718 1117 657 1233
666 1368 1299 578
759 871 752 1000
208 222 211 864
288 1041 274 272
771 888 691 1102
758 892 801 1045
710 755 658 825
49 1085 60 1119
208 864 211 984
700 1148 668 1204
898 973 756 1023
109 93 94 1050
786 930 690 1200
276 283 271 1110
265 255 273 625
755 870 823 1017
732 7 38 524
313 1008 307 1134
165 155 159 942
646 908 885 1138
60 733 63 987
25 37 23 591
87 1040 77 1238
784 787 761 920
280 294 282 1271
693 1221 754 1270
882 1159 935 1259
84 78 487 824
511 273 281 830
703 753 692 796
381 922 384 1175
769 845 679 943
692 800 772 1254
201 1036 887 1163
477 1211 1051 1318
704 705 673 915
995 1167 795 1232
826 861 735 1127
801 1032 980 1045
865 1036 205 1071
347 919 334 963
358 892 366 1086
121 885 132 971
645 1320 630 1359
502 165 173 1152
1334 1150 667 1290
585 943 679 1331
718 889 779 1117
904 972 755 1007
724 885 808 1054
997 1299 1002 1327
54 912 58 1073
606 1159 882 1259
639 790 737 990
57 1039 51 1300
672 857 704 915
89 486 102 1107
676 710 658 1249
395 612 593 1011
604 1137 848 1141
352 717 349 884
82 852 806 1251
264 860 497 982
310 302 299 1210
656 812 719 1233
212 796 199 1006
277 614 1102 261
648 777 726 1132
312 532 311 901
786 870 738 935
376 366 371 892
682 886 750 1144
1342 1361 1258 1365
873 945 204 995
625 789 767 830
535 378 367 974
220 1101 207 1267
414 713 419 1121
802 850 725 1066
963 347 339 334
232 1161 243 1261
295 282 294 1239
687 788 655 1114
556 577 36 1179
758 1045 980 1086
12 10 36 1004
38 547 0 564
219 920 228 1267
7 732 38 3
716 759 637 1105
435 777 496 838
638 1301 1024 1352
192 627 176 1126
112 1066 124 1268
411 1169 463 1172
346 351 356 1023
134 501 133 841
1371 1105 1260 716
856 974 601 1317
726 777 648 822
782 883 817 1098
181 621 172 1083
6 2 40 561
416 403 415 1034
677 739 681 939
474 726 496 777
298 1182 1008 1183
29 30 39 568
861 922 735 990
228 761 220 1267
665 869 542 910
46 557 43 1072
861 1153 1127 1175
1108 1378 689 738
830 1070 282 1239
406 857 410 1048
829 841 802 1268
715 818 594 1139
372 379 369 990
936 939 791 1040
1033 1099 635 1258
803 1046 778 1134
682 894 792 928
289 1005 293 1110
950 1089 576 1147
95 105 90 1100
876 968 837 1067
180 1216 186 1232
368 360 366 1086
375 372 365 922
836 876 837 896
744 817 739 1191
517 262 268 771
206 207 195 611
523 45 36 590
45 1147 949 1181
998 1104 662 1129
444 413 442 785
86 76 75 1160
405 1011 593 1012
396 398 1078 388
145 870 137 1080
369 479 359 813
274 1070 1271 280
780 804 682 886
1095 1024 478 1301
74 925 66 1118
596 993 955 1186
643 672 660 861
737 917 907 1174
847 964 647 1146
1093 1231 1230 1338
787 871 620 1115
950 1082 560 1325
408 749 398 916
258 274 263 948
119 128 118 1030
109 1050 971 1252
70 62 72 1279
233 871 221 1000
472 408 398 916
903 1007 797 1298
250 249 257 967
965 1104 663 1203
983 1126 552 1304
69 773 72 59
761 1101 220 1267
761 784 620 787
174 891 183 1294
258 948 248 1158
357 944 343 1164
717 874 349 980
711 947 598 1029
405 1012 413 1209
1152 1216 942 1273
228 595 220 761
659 1156 477 1318
923 932 364 974
806 1079 598 1103
539 711 688 1199
1299 1326 650 1322
937 1236 1037 1274
751 958 815 1226
823 971 814 1252
655 1111 652 1144
453 417 418 705
659 671 589 928
75 85 86 587
1116 1283 1117 1311
326 1068 317 1235
106 1050 109 1252
364 974 367 1264
415 421 420 1222
306 294 308 1289
863 985 1227 741
334 329 339 963
1338 1287 1347 1360
430 416 428 702
425 421 415 1222
665 910 601 1149
723 875 770 963
131 122 127 862
309 305 296 961
629 1150 956 1290
229 241 236 1019
620 760 603 1027
1072 1073 556 1213
562 1172 1169 1218
804 1110 780 1111
756 907 737 917
146 139 138 969
1346 636 476 1356
739 1236 781 1244
661 1014 736 1065
307 298 304 1182
909 968 820 1324
199 796 212 924
218 219 206 787
575 1184 979 1353
47 586 481 1063
317 1068 1025 1235
39 989 911 1296
302 308 294 905
798 996 323 1031
820 1056 587 1160
671 703 692 751
646 695 644 1184
769 872 686 905
690 1026 1373 552
138 969 935 1044
617 1250 92 1251
809 848 796 1019
745 844 758 970
588 865 621 1036
790 990 849 1048
1334 668 1150 1290
319 327 332 1142
922 990 861 1175
737 963 875 1122
399 1192 869 1219
312 901 311 1257
843 1047 184 1201
325 846 329 963
194 197 211 984
1143 1369 1197 1370
213 945 873 1307
604 897 622 1141
671 928 682 1002
975 1258 954 1359
1008 1134 602 1182
701 729 702 934
702 764 416 866
715 922 826 940
793 1031 318 1210
619 1026 1374 930
640 735 666 1242
130 1017 116 1252
307 807 321 1134
181 192 195 627
788 938 687 1005
453 451 417 742
948 1041 845 1331
671 751 750 924
126 114 115 903
231 225 214 1292
791 1050 908 1238
1280 1332 636 1356
798 980 686 1032
522 822 441 838
366 970 368 1086
661 975 645 1270
901 1032 312 1057
697 713 712 1121
646 802 724 906
823 904 727 1017
799 813 723 892
1000 1302 225 1307
207 215 205 1071
186 891 174 1294
624 1068 304 1182
224 622 230 1141
682 804 792 1016
39 911 35 1296
121 109 113 1138
549 1335 999 1336
122 117 127 1106
1074 1173 992 1209
368 373 519 1035
307 807 317 321
700 740 668 993
399 1121 419 1169
199 796 1226 1006
1095 1352 1301 1353
1228 1359 1231 1367
137 136 126 870
254 262 517 1076
238 871 233 1158
259 257 269 985
848 1137 224 1141
118 1030 128 1066
792 1110 804 1111
1205 1221 695 1270
323 320 315 331
798 349 874 980
951 976 557 1052
212 921 222 924
720 778 584 803
572 1178 1067 1275
269 860 264 1114
264 860 780 1114
665 1139 869 1149
249 860 239 1009
281 282 295 1239
452 713 414 743
240 595 228 920
710 797 755 972
290 1123 292 1271
687 938 863 1295
332 973 319 1142
510 53 45 1082
949 1147 559 1180
294 905 308 1289
766 1173 1074 1209
734 967 860 1009
133 501 148 841
481 538 47 977
1143 1197 566 1313
803 1008 778 1042
108 904 115 1017
772 946 927 1022
727 755 676 823
888 897 604 929
720 731 699 898
546 1196 1195 1362
645 1288 693 1349
237 1019 848 1076
270 691 254 771
878 1325 952 1329
17 525 15 567
525 11 13 567
700 758 740 993
304 807 307 1182
749 1078 398 1113
403 396 408 953
858 1224 1124 1243
93 109 106 1050
607 806 598 1103
864 1065 832 1288
710 825 658 1117
652 1014 671 1301
59 53 48 878
933 991 608 1064
875 1122 354 1168
703 796 751 924
971 144 132 130
1157 928 584 1156
41 550 49 579
735 861 660 1127
799 892 723 919
312 901 324 1032
680 699 558 731
537 766 413 785
230 224 220 622
207 513 220 1267
753 887 848 1211
185 175 488 794
1374 913 619 930
101 1007 904 1298
737 756 666 1002
6 561 40 1125
417 742 449 857
682 804 780 1111
349 884 717 980
832 967 734 1009
576 1147 45 1181
792 907 737 1002
1091 1092 549 1093
366 892 376 970
280 290 292 1271
692 753 703 1318
473 429 423 707
608 1056 883 1100
565 890 579 1119
946 588 753 1211
768 831 681 1039
736 891 695 1270
81 883 91 1135
634 725 678 1018
110 895 851 1281
374 932 623 974
219 220 513 1267
122 111 117 574
143 134 128 1066
36 576 45 1181
846 938 770 1075
154 1120 143 1269
247 239 231 1009
645 1350 693 1359
690 842 794 983
144 823 808 988
598 1079 1029 1103
108 1017 115 1298
707 953 706 1198
49 1039 57 1085
658 825 727 1055
1079 1259 1108 1345
1036 1083 881 1214
528 527 29 581
96 824 84 941
70 607 82 852
882 1106 610 1165
448 414 1077 450
228 227 235 920
796 848 753 1006
726 1113 1081 1282
273 255 267 625
699 893 715 898
915 1058 673 1127
550 899 44 960
371 369 382 813
378 601 393 1149
958 1201 906 1254
1033 1350 1099 1359
616 944 854 966
116 108 106 904
427 416 489 866
526 16 14 577
295 1239 294 1289
960 1084 776 1085
841 885 724 1054
670 934 593 1012
407 397 403 1034
527 581 528 591
670 1011 654 1012
658 1249 657 1342
710 714 689 1108
47 1178 572 1275
244 1000 250 1112
1090 1129 700 1148
693 828 754 1033
1245 1133 1247 1249
493 458 462 835
494 869 399 1192
871 1027 948 1158
668 740 700 1109
69 773 733 1207
490 895 518 1251
412 702 430 729
356 351 363 1023
601 1139 665 1149
1154 709 471 1166
814 971 748 1050
293 1005 788 1110
526 577 556 1213
109 104 113 1050
113 908 104 1049
158 169 154 149
397 1034 880 1243
251 245 256 959
770 875 737 963
735 790 643 861
283 293 509 994
481 586 42 1003
778 1046 602 1134
349 717 352 874
103 1049 99 1135
377 366 376 970
800 1006 753 1163
126 120 114 935
753 1156 703 1211
37 580 23 591
981 1008 602 1183
598 1103 1029 1279
361 358 350 892
218 503 219 787
725 757 646 829
615 943 603 948
610 926 746 1088
816 1122 875 1168
571 905 769 1028
1008 1182 602 1183
799 801 700 892
218 227 503 787
609 850 725 927
753 800 796 1006
387 392 380 1265
859 1124 858 1224
88 486 89 1007
899 1039 768 1087
116 130 125 1017
758 980 801 1032
328 329 314 1174
734 780 655 1144
85 1250 587 1251
147 971 132 1054
61 55 58 1324
469 563 955 956
684 955 596 993
283 788 275 1110
848 1006 796 1097
36 556 526 577
817 925 739 936
556 1180 576 1181
204 1167 214 1307
191 842 182 1136
481 504 24 1063
514 842 180 1136
694 827 752 1331
738 755 710 797
521 819 385 940
463 1169 562 1172
793 996 686 1031
936 1135 87 1238
220 228 240 595
398 916 749 1113
343 966 534 1164
803 1134 1008 1142
363 898 893 1023
244 233 234 1000
42 1003 586 1177
184 194 183 843
380 1131 387 1265
768 902 681 1236
247 860 734 982
741 1041 694 1202
403 416 407 1034
588 1211 946 1212
496 474 409 726
301 303 293 1005
708 739 721 781
599 883 608 1056
183 891 171 1047
479 369 371 813
902 1274 768 1300
754 988 808 1205
569 1145 50 1274
357 923 805 944
359 479 361 1297
270 266 256 1162
80 68 77 1040
32 42 529 573
665 910 649 1303
246 240 235 1291
244 238 233 1158
1119 48 41 524
909 1067 968 1324
791 908 757 1238
545 1342 1341 1365
377 387 373 1035
783 1000 832 1307
1195 1361 546 1362
869 1139 819 1149
427 489 426 422
695 808 724 885
746 926 600 1088
322 938 316 1075
828 988 754 1080
173 1216 1152 1273
704 742 417 857
228 920 761 1267
633 718 657 1233
39 506 507 1296
482 556 46 1213
205 887 201 1036
245 886 243 1161
711 1029 714 1217
93 106 96 1252
826 922 735 1175
672 704 673 915
417 449 447 857
36 46 482 556
333 1234 805 1339
801 892 799 919
898 1046 341 1264
82 895 490 1251
420 866 489 1225
46 36 515 556
46 556 515 1073
883 1098 782 1100
375 922 365 940
846 963 325 1075
165 1152 175 1200
954 1258 975 1362
700 1129 844 1148
234 233 225 1000
811 1153 411 1172
417 402 418 915
542 869 775 1171
703 1211 1156 1318
724 841 829 1268
768 899 831 1039
148 498 147 1054
722 744 599 883
497 860 247 982
473 472 474 916
234 231 239 1292
1385 1280 1346 570
389 1175 384 1192
111 122 107 574
1078 1203 849 1282
721 744 739 1191
870 903 738 935
637 759 728 1105
1377 935 1108 882
205 621 193 1071
493 462 463 835
1134 1142 803 1305
1029 1147 949 1279
265 625 273 830
256 260 251 959
261 252 265 789
746 926 618 1083
940 1175 826 1192
1121 1218 1169 1219
639 737 723 875
684 993 596 1176
824 1007 88 1207
163 926 151 1088
798 330 345 335
786 942 870 1044
526 556 482 1213
69 487 78 733
265 252 255 625
787 206 1304 1190
1062 1242 931 1335
391 861 381 1175
992 1074 766 1173
694 752 637 1332
601 974 378 1317
738 1380 1379 710
826 1153 1127 1220
818 1060 774 1220
809 894 682 928
205 216 201 887
451 449 417 742
631 1090 647 1204
662 1241 1148 1312
725 692 634 1212
359 875 723 1297
751 815 661 843
584 981 888 1001
472 409 474 916
725 802 772 850
163 151 156 1140
353 364 367 1264
736 1014 864 1065
889 1188 779 1330
494 819 386 1149
414 1074 537 1077
731 907 792 1002
715 893 363 898
318 330 323 1031
584 731 720 803
181 170 176 600
1133 1248 1247 1249
744 599 1154 722
211 197 208 984
460 697 562 1169
341 1134 1046 1305
1124 1224 953 1243
307 300 298 1008
589 928 671 1002
282 281 273 830
412 432 434 729
333 343 344 805
318 793 310 1057
463 811 411 1172
198 185 191 794
178 485 187 958
255 1266 595 1291
757 1049 936 1238
686 845 769 905
232 222 229 1161
529 35 34 573
161 1047 808 1054
112 124 123 1268
18 43 20 557
642 735 660 1127
722 834 744 968
703 809 796 921
100 107 95 617
327 321 338 1134
845 1123 274 1271
385 819 494 1192
529 34 31 573
832 1000 967 1292
668 1231 1109 1360
904 1252 814 1321
165 159 173 1152
837 896 876 989
670 880 867 1265
97 83 89 868
855 1325 878 1329
546 1361 1340 1362
1067 1276 837 1277
728 828 637 1105
69 73 487 733
55 1052 597 1324
44 19 37 900
992 1074 765 1185
248 948 263 1027
590 1004 523 1286
1258 632 1344 1366
234 239 249 967
569 580 528 581
844 970 745 1035
553 1177 573 1296
797 903 755 1007
89 1007 486 1107
873 945 759 1000
843 1201 184 1226
686 1176 596 1186
45 949 515 1181
92 100 95 617
152 841 142 1120
241 1019 237 1076
71 82 85 1251
155 1044 942 1200
205 1036 621 1071
723 799 639 849
841 885 133 1138
580 937 569 1087
571 996 320 1235
108 101 106 904
260 959 804 982
1079 1108 1103 1345
96 904 101 1007
721 1166 744 1191
693 728 637 873
390 970 396 1243
793 1057 962 1123
748 908 791 1050
658 755 727 825
110 851 606 1159
803 833 731 961
714 797 710 1311
333 499 326 807
541 1067 909 1276
29 568 39 581
920 1027 235 1291
316 846 325 1075
976 1073 543 1180
368 970 377 1035
671 751 661 1014
137 125 130 823
370 715 363 1013
916 1113 726 1282
690 942 728 1105
815 1201 906 1323
122 574 117 1106
759 1105 716 1260
1043 1100 86 1250
138 120 126 935
415 1034 403 1224
374 623 383 974
526 14 12 577
618 879 158 926
13 11 525 41
52 968 876 1067
843 1047 891 1294
739 936 902 939
689 714 711 1079
841 1120 152 1323
741 1227 687 1229
391 402 406 915
860 967 239 1009
870 935 786 1044
593 934 405 1012
873 1302 1000 1307
705 742 417 915
671 809 682 928
542 664 649 665
237 224 242 1141
634 678 575 1018
899 937 900 1087
672 673 660 915
589 1096 671 1319
311 901 297 994
246 1027 263 1266
715 1192 826 1220
886 959 251 982
185 182 191 794
708 1155 1143 1313
681 831 677 939
244 1112 258 1158
642 1127 1059 1128
644 695 646 748
687 863 788 1114
431 429 473 1132
474 433 431 1132
1260 983 1371 1372
203 983 945 1115
827 967 783 1000
896 911 39 989
303 938 311 994
657 1248 658 1342
731 833 792 907
255 240 246 1291
680 699 651 1061
256 266 508 959
35 551 39 568
340 346 339 917
980 1032 758 1176
339 963 917 1122
547 1262 1189 1329
584 1001 691 1042
323 798 336 996
153 988 167 1273
180 1216 173 1273
719 812 776 1233
589 1002 652 1327
758 801 740 1032
376 371 382 1078
399 1169 400 1219
37 527 528 591
974 1013 367 1264
1227 1228 645 1229
350 359 361 1297
750 924 864 1161
637 759 752 783
652 1111 1002 1144
655 788 734 1114
1108 606 1079 1377
576 1089 45 1147
547 564 38 1187
609 927 618 1038
237 241 226 1019
269 275 285 1114
739 1143 566 1244
43 557 18 1072
277 1001 614 1206
740 741 694 1202
761 1190 1101 1267
901 994 938 1295
942 1152 842 1216
888 1001 614 1102
1070 274 1271 845
88 78 84 824
1341 1240 1363 1365
143 142 134 1120
645 1014 661 1065
689 714 710 1285
334 963 919 1075
651 699 680 731
995 1136 189 1216
931 1020 687 1109
609 725 599 1212
876 925 744 968
699 756 731 1002
271 275 264 1110
615 845 769 943
150 610 151 926
692 1211 753 1318
694 783 752 827
297 293 303 994
726 916 409 1113
735 893 816 922
661 815 751 1018
613 805 353 923
376 970 390 377
771 1001 279 1042
282 267 280 1070
405 413 404 1209
179 188 177 1163
737 917 846 963
305 907 792 961
243 1161 886 1261
133 885 132 1138
154 1022 164 1215
62 45 53 1147
405 934 593 1265
417 742 704 915
143 135 149 1269
1195 1196 1194 1310
412 430 432 729
728 795 693 828
91 1098 103 1135
728 942 828 1105
750 1014 671 1144
997 1002 589 1327
56 52 67 968
641 1061 651 1128
1039 1087 51 1300
905 996 793 1210
927 1215 154 1269
265 614 261 789
1060 1061 641 1128
116 1017 904 1252
410 726 536 1113
1290 1347 629 1287
330 798 345 533
972 1207 733 1311
371 813 382 1078
803 898 720 1046
748 757 646 1143
244 258 248 1158
917 1122 816 1168
728 842 690 983
350 919 347 1297
587 1250 852 1251
353 343 357 805
121 123 133 1138
155 165 166 1200
522 726 410 822
321 326 499 807
680 928 589 1002
908 1049 113 1138
911 989 553 1296
204 945 196 995
935 969 120 1159
637 1033 693 1350
98 490 82 895
100 518 98 895
398 1078 388 1113
751 958 800 1254
815 1018 906 1254
979 1155 548 1313
381 990 922 1175
400 411 402 1153
596 686 605 1176
166 930 175 1272
106 109 116 1252
223 864 832 1167
44 899 550 900
391 990 861 1048
752 759 603 871
117 129 127 1165
754 795 693 1270
644 1055 695 1205
65 902 74 936
602 981 778 1008
938 994 863 1295
724 841 148 1323
224 226 217 848
403 390 396 1243
646 695 661 815
681 1236 739 1244
651 1061 699 1128
39 551 35 911
437 522 439 492
321 327 313 1134
82 895 806 1103
14 36 526 12
259 1041 258 1112
105 1064 1030 1098
38 564 3 1187
458 462 411 493
184 958 187 1226
844 1148 1129 1263
463 493 411 462
1133 1249 570 1280
731 1157 584 720
678 1018 725 1191
474 777 433 1132
825 1055 658 1233
955 469 956 957
759 983 728 1105
144 808 153 988
120 969 129 1159
671 750 682 809
851 1159 110 1281
773 868 72 1029
637 1389 716 1105
370 375 363 940
129 138 139 969
731 1157 720 680
100 895 98 1281
380 1130 374 1131
166 163 156 1272
834 876 744 968
479 371 361 813
132 971 885 1054
666 756 737 816
669 880 670 934
353 805 613 1264
25 527 37 591
686 980 717 1176
411 811 418 1153
486 1007 101 1298
969 1159 882 1165
228 235 240 920
623 974 856 1317
808 971 885 1205
233 1000 244 1158
1157 928 731 584
755 797 738 903
721 836 781 925
930 166 175 1200
492 439 437 838
377 368 366 970
881 946 609 1212
119 850 128 1030
149 927 154 1269
297 901 288 994
1143 1244 708 1313
909 1067 554 1276
337 347 350 919
848 887 216 1137
711 1029 598 1079
184 1047 171 1201
643 1081 790 1146
975 1258 658 1362
295 767 284 830
121 113 123 1138
792 1005 301 1016
506 529 42 1296
473 408 472 916
723 770 639 919
359 348 354 875
757 936 791 1238
9 41 7 732
723 813 359 1297
172 158 160 926
669 670 654 701
382 813 379 849
216 887 848 1097
378 393 386 1149
250 258 244 1112
917 973 340 1023
207 1071 611 1101
755 972 797 1007
756 898 731 973
796 199 1226 924
701 934 654 1012
519 884 368 1035
740 993 758 1176
39 1053 35 33
118 124 112 1066
345 360 349 1086
725 850 782 1066
691 771 270 894
219 228 220 1267
237 242 253 929
242 929 237 1141
627 1126 192 1304
539 1199 560 1217
281 284 511 830
579 732 565 1119
682 928 792 1002
394 849 379 1048
724 1054 1047 1323
571 986 872 996
773 1116 733 1311
741 783 694 827
804 886 780 982
101 88 96 1007
178 177 485 958
852 1250 617 1251
686 769 679 872
151 926 610 1088
950 1082 561 1089
1186 1357 585 1334
692 725 634 1018
285 994 863 1114
1169 1218 1172 1219
788 1110 780 1114
905 996 308 1289
121 132 130 971
245 243 236 1161
700 844 758 1148
193 205 201 1036
295 304 298 624
153 808 161 988
49 525 44 550
593 1011 670 1012
90 1098 883 1100
750 1161 864 1261
893 922 715 940
692 800 753 946
572 1178 553 1277
100 111 107 617
267 625 255 1266
707 916 473 1132
617 1043 92 1250
95 1043 86 1250
216 848 217 1097
389 915 861 1175
735 826 699 893
850 1030 119 1064
127 574 122 1106
781 925 836 1145
727 904 814 1321
919 963 347 1297
212 208 199 924
637 1334 1099 1350
162 168 171 1201
814 941 825 1321
675 721 708 1155
226 241 229 1019
212 229 222 921
227 233 238 871
101 108 102 1298
726 777 474 1132
641 1060 470 1061
41 524 7 732
486 1107 1007 1298
340 339 328 917
625 1028 615 1070
493 419 459 835
555 678 725 1166
309 1008 313 1142
510 48 53 878
793 1031 798 1032
640 642 578 666
428 416 427 866
186 189 180 1232
495 1031 315 1210
400 1169 411 1219
997 650 1299 1327
418 705 417 915
275 269 264 1114
831 960 719 1039
126 903 115 1017
444 537 446 413
40 1082 483 1125
717 874 798 996
387 880 397 1265
676 942 786 1105
479 813 361 1297
783 873 759 1000
220 622 215 1101
37 19 23 900
157 154 164 1215
825 941 812 1021
196 995 945 1136
971 1050 814 1252
285 288 269 1114
905 1271 1028 1289
56 989 876 1145
288 863 269 1114
64 902 65 1300
615 1070 263 1266
329 846 325 1174
198 531 218 1115
842 945 728 995
798 1031 330 1032
324 318 312 1032
335 330 324 1032
36 500 523 1004
948 1027 248 1158
720 680 1157 558
126 870 136 1044
752 783 759 1000
505 141 150 879
44 960 899 1039
695 975 644 1270
291 301 289 1016
621 881 588 1036
897 929 242 1141
131 140 141 879
949 1147 1029 1217
447 410 417 857
1028 1070 830 1239
410 406 417 857
941 1050 96 1252
264 257 512 860
151 146 156 1140
264 269 257 860
763 1124 998 1241
844 1124 763 1241
378 974 601 1255
1107 1298 102 1316
875 963 348 1122
214 1292 225 1307
906 1201 815 1254
845 962 686 1202
512 257 249 860
512 247 264 860
890 987 776 1119
1133 1280 570 1356
401 1074 414 1303
886 1161 750 1261
983 1373 1372 552
512 249 247 860
497 264 247 860
56 876 52 968
744 883 722 968
750 1144 886 1261
864 1161 223 1261
412 729 434 1010
412 436 413 1010
957 993 683 1263
1333 1334 637 1356
223 864 222 1161
52 61 67 968
353 805 357 923
222 208 212 924
843 864 736 924
229 921 236 1161
618 927 158 1038
224 1137 622 1141
203 531 198 1115
414 1121 401 1303
945 983 759 1115
1046 853 1264 1013
795 1216 995 1232
296 1042 961 1293
718 987 889 1117
712 743 696 1303
170 600 172 926
370 819 521 940
44 1039 49 1085
970 376 390 396
981 1001 584 1042
269 863 288 985
744 876 834 925
1084 1085 49 1119
834 876 836 925
834 836 721 925
1052 1178 47 1275
781 902 739 925
744 834 721 925
795 1288 891 1294
833 894 792 1016
816 922 893 1168
550 960 44 1084
37 580 528 1087
193 621 195 1071
792 833 731 928
1037 1236 781 1274
159 942 145 1080
870 942 828 1080
476 636 585 1332
664 1121 910 1171
1194 1197 1195 1310
1328 1358 475 1366
566 1197 1143 1309
208 984 197 1226
198 1126 983 1304
790 861 735 990
840 1010 1209 1208
813 892 361 1297
299 302 292 1123
54 607 58 912
493 411 419 1169
910 1121 869 1171
775 869 818 1220
384 940 385 1192
339 917 346 1122
715 1128 699 1220
927 946 692 1212
848 929 691 1156
45 54 515 949
864 1009 832 1065
983 1115 552 1260
945 1115 759 1302
128 1030 850 1066
253 1076 929 1102
683 955 684 1263
724 1120 841 1323
744 968 925 1118
48 63 59 1116
972 1007 824 1207
559 947 539 1147
779 1283 1117 1330
694 1041 827 1331
64 50 56 1145
714 1217 773 1283
359 354 362 875
686 798 793 1031
405 934 412 1012
979 1353 1184 1370
654 840 701 1012
337 322 334 1075
1010 840 1209 1012
323 315 495 1031
369 359 362 875
369 723 359 875
252 789 261 897
622 897 230 1141
723 875 369 990
104 112 113 1049
735 922 816 990
237 848 224 1141
393 401 399 910
854 944 583 1164
1090 1148 700 1204
776 1084 890 1085
40 48 510 878
600 621 181 1083
45 1089 590 1125
694 741 740 1228
396 749 408 953
800 958 751 1226
367 1013 355 1264
355 344 353 1264
669 763 540 880
758 884 745 970
914 1094 676 1105
90 883 76 1160
345 337 350 1045
540 670 669 880
540 867 670 880
90 1100 883 1160
263 1070 267 1266
540 763 762 880
762 867 540 880
899 900 44 1087
383 395 378 1317
708 1143 739 1244
603 760 615 948
81 76 90 883
768 937 899 1087
268 771 262 1102
196 945 203 1136
692 634 1051 1211
330 798 323 1031
1238 93 1050 94
987 1085 776 1119
505 150 160 926
1143 1314 1197 1313
622 1137 604 1141
829 1066 112 1268
747 1032 901 1057
1067 1178 1052 1275
158 879 505 926
931 1322 630 1355
130 116 121 971
614 1183 767 1206
47 977 586 1063
147 808 144 971
600 926 746 1083
165 942 159 1152
396 953 403 1224
727 825 814 1055
1375 1140 930 786
173 1152 159 1273
883 1056 820 1160
129 120 138 969
565 1119 524 1189
0 547 38 952
733 1207 773 1311
638 1301 661 1320
88 101 486 1007
999 1062 918 1336
626 807 602 1237
602 1134 1046 1237
727 1055 814 1205
255 595 240 1291
956 1150 957 1290
158 927 149 1038
863 994 901 1295
174 171 183 891
52 1067 876 1178
86 92 95 1250
876 989 52 1178
52 876 56 989
36 577 12 1179
687 1229 1109 1295
938 1257 901 1295
272 269 288 985
553 911 896 989
507 52 56 989
711 1199 539 1217
539 947 711 1217
727 823 754 1205
861 990 790 1048
981 1008 1001 1042
259 269 272 985
361 371 358 892
361 813 371 892
791 939 812 1040
578 666 642 1128
566 1244 1143 1313
363 893 715 940
804 894 682 959
222 864 208 924
751 843 736 924
703 921 796 924
256 254 270 1162
186 1232 891 1294
85 490 92 1251
1121 1171 697 1218
755 903 870 1017
125 823 137 1017
130 823 125 1017
749 1113 916 1282
1078 1113 749 1282
116 904 106 1252
106 904 96 1252
965 1203 663 1282
663 1203 749 1282
849 1113 1078 1282
808 891 695 1047
731 756 699 898
880 1035 745 1265
749 916 674 1282
679 686 596 1186
1046 1134 341 1237
217 848 226 1097
633 1258 658 1342
724 808 695 1047
161 162 171 1047
473 423 424 1198
747 1041 741 1202
694 1331 752 1332
887 1006 848 1097
661 751 736 1014
320 326 317 1235
697 712 664 1121
695 815 724 1047
171 843 183 1047
904 1007 755 1298
48 1119 41 49
686 905 793 1123
163 600 160 926
505 879 150 926
960 1039 44 1084
609 933 850 1038
141 149 135 1038
362 990 875 1168
919 1075 770 1257
84 93 96 941
80 93 84 941
1357 1308 1186 563
801 1045 919 1257
160 600 170 926
180 173 167 1273
151 160 150 926
610 879 746 926
160 151 163 926
140 879 127 1151
172 160 170 926
652 1014 655 1144
1340 1362 1361 1364
646 906 815 1018
772 802 725 1018
1026 1126 627 1304
189 191 514 1136
946 1036 188 1163
226 229 520 1019
266 894 804 959
201 1006 202 1163
508 804 260 959
887 1006 201 1163
378 386 370 1255
266 804 508 959
736 1065 864 1288
53 1029 62 1082
735 922 861 1175
1127 1153 826 1175
301 792 305 907
624 1069 767 1239
812 941 791 1040
1154 744 722 1166
828 1080 942 1273
786 1044 969 1140
715 869 818 1139
690 1152 942 1200
159 1152 942 1273
737 875 816 1122
699 1128 818 1220
240 920 235 1291
760 1027 784 1291
736 1270 1065 1288
1092 1290 653 1360
334 919 337 1075
853 1139 601 1149
348 963 339 1122
354 875 348 1122
1287 1348 1290 1360
346 354 348 1122
816 917 737 1122
50 1087 569 1274
139 146 151 1140
709 1154 722 1166
613 1237 1046 1264
332 1023 973 1305
215 224 216 1137
624 767 295 1239
389 402 391 915
391 861 389 915
826 1127 735 1128
814 1055 748 1205
698 1060 818 1061
651 666 578 1128
50 902 64 1300
749 1124 844 1129
1363 1240 632 1364
757 908 829 1049
951 1052 557 1275
697 1121 664 1171
871 1000 759 1302
209 1006 217 1097
848 1156 753 1211
1184 1301 575 1319
845 905 686 1123
481 977 47 1063
115 1017 903 1298
778 803 720 1046
337 334 347 919
237 929 253 1076
691 929 848 1076
700 799 639 919
700 801 799 919
293 788 283 1110
700 1109 639 1204
510 878 53 1082
500 1004 8 1286
844 1124 749 1243
481 1003 504 1063
653 1148 1090 1204
503 227 228 920
503 787 227 920
65 939 57 1300
254 256 245 1162
737 846 792 1020
741 863 747 1295
245 241 254 1162
241 1076 254 1162
644 975 661 1270
254 1076 691 1162
903 1107 797 1316
809 894 691 1162
682 809 750 921
682 886 809 921
750 886 682 921
792 1002 737 1020
645 1065 661 1270
682 959 894 1162
886 959 682 1162
682 894 809 1162
894 959 266 1162
715 893 826 922
482 1072 43 1213
852 1251 82 1343
316 938 846 1075
47 46 55 1052
1058 1153 811 1172
190 1163 202 1253
43 1072 18 1213
413 1012 1010 1209
863 901 747 1295
887 1036 946 1163
571 996 905 1289
655 1114 734 1227
832 1065 734 1227
60 1085 987 1119
739 817 744 925
131 135 119 1038
862 933 618 1038
739 744 721 925
721 781 739 925
890 1085 1084 1119
1116 1283 878 1330
776 1085 890 1119
890 1084 579 1119
814 971 823 1205
912 949 559 1180
929 1076 691 1102
671 1014 661 1301
848 929 604 1141
107 105 1100 1064
105 118 103 1030
168 906 157 1215
223 211 1167 214
54 1073 515 1181
808 971 147 1054
158 169 149 927
49 57 60 1085
368 970 884 1086
134 841 802 1120
597 1052 909 1324
157 1120 154 1215
829 908 646 1138
603 948 871 1027
603 871 620 1027
55 597 58 1324
367 974 378 1255
360 884 349 1086
246 1027 760 1291
595 920 240 1291
640 790 735 1242
844 1078 970 1243
504 26 24 1063
846 1005 792 1111
1005 1016 792 1110
695 885 748 1205
586 1003 481 1063
45 1125 590 1286
819 1192 715 1220
1005 1020 687 1111
846 1020 1005 1111
804 1016 276 1110
884 980 349 1086
569 1087 937 1274
412 407 416 934
416 702 412 934
745 970 884 1035
884 970 368 1035
625 1070 615 1266
967 1009 832 1292
615 1027 760 1266
654 934 670 1012
314 319 328 1174
308 996 905 1210
740 801 700 1109
941 1021 825 1321
823 870 828 1080
797 868 714 1108
659 703 692 1319
606 882 1377 1108
592 935 969 738
728 945 873 995
950 1147 539 1217
677 812 656 1233
254 771 691 1076
82 70 72 1103
262 254 253 1076
177 1022 179 1163
188 190 177 1163
241 237 253 1076
753 946 800 1163
728 873 795 995
1025 320 317 1235
356 362 354 1168
854 1164 583 1306
356 365 362 1168
993 1150 668 1290
65 936 77 1040
274 258 272 1041
410 1081 726 1113
741 827 694 1041
1332 1388 636 716
845 948 274 1041
748 791 677 941
677 814 748 941
43 557 46 1052
649 992 665 1074
554 909 597 1052
585 679 596 1186
554 951 909 1052
290 962 274 1041
274 962 845 1041
560 1199 855 1283
272 258 259 1041
1104 1129 663 1203
902 1236 768 1274
605 966 717 986
686 872 605 996
204 203 196 945
604 1156 848 1211
401 1121 910 1303
204 210 203 945
825 1117 1021 1233
893 922 365 1168
1109 1229 740 1295
875 990 816 1168
741 1228 1227 1229
864 924 843 984
45 590 523 1286
696 1185 649 1303
277 287 279 1001
213 210 204 945
204 873 213 945
69 773 59 1116
679 1186 585 1331
747 962 793 1057
279 771 268 1001
725 772 692 1212
881 927 609 946
16 577 526 1213
346 917 340 1023
315 1031 996 1210
340 973 332 1023
717 1176 745 1306
888 929 691 1102
606 1108 1079 1259
897 929 888 1102
618 926 158 1083
119 1030 105 1064
637 1105 1033 1280
1280 1388 636 637
876 925 56 1145
655 1014 645 1065
909 1052 951 1067
561 1082 40 1125
749 916 408 953
957 1148 993 1312
826 1192 1153 1219
752 827 783 1000
225 233 221 1000
674 916 749 953
852 877 806 1251
663 706 674 953
663 749 706 953
674 749 663 953
706 707 674 953
707 916 674 953
473 916 707 953
408 916 473 953
740 1229 741 1295
92 1250 86 1251
864 1167 984 1288
819 1139 1013 1255
288 863 285 994
683 469 955 957
288 901 863 994
285 297 288 994
1246 1249 685 1284
604 887 848 1137
863 938 687 994
788 863 687 994
311 938 901 994
773 1029 878 1217
655 1020 687 1229
918 1093 931 1322
845 1041 962 1202
832 967 783 1227
1172 1218 1170 1219
346 340 351 1023
756 973 917 1023
351 898 363 1023
967 985 827 1227
783 827 741 1227
668 1229 1109 1231
734 967 832 1227
200 1232 186 1294
1167 1232 984 1294
473 953 707 1198
385 940 819 1192
856 932 923 974
535 367 364 974
112 1030 118 1066
931 1299 918 1322
644 748 646 1143
566 1143 677 1309
663 998 706 1124
877 895 806 1251
706 998 858 1124
92 490 518 1251
891 1047 183 1294
691 833 584 1042
657 1284 1249 1285
858 998 763 1124
616 966 854 986
504 1003 26 1063
921 1019 796 1097
396 1224 403 1243
300 296 286 1042
287 1008 300 1042
279 1001 287 1042
605 854 717 966
1107 1108 797 1316
802 906 772 1120
980 1045 345 1086
342 343 331 966
343 616 331 966
610 1140 969 1165
610 1151 879 1165
342 534 343 966
343 944 616 966
1106 1159 117 1165
188 179 193 1036
665 992 612 1074
975 1196 638 1362
632 1240 1258 1364
397 392 387 1265
733 1116 987 1117
474 916 726 1132
429 707 473 1132
150 879 140 1165
583 944 923 1164
188 946 179 1036
674 916 707 1132
930 1140 913 1272
820 909 541 968
787 920 219 1267
148 841 724 1054
541 834 722 968
541 837 834 968
530 935 120 1259
885 971 808 1054
355 898 341 1264
806 851 606 1259
1053 39 35 506
808 1047 724 1054
700 844 799 970
758 844 700 970
733 1117 972 1311
882 1108 606 1259
287 277 284 1206
767 1183 624 1206
277 614 265 1206
287 1008 1001 1206
287 1001 277 1206
1164 357 352 534
277 830 284 1206
853 1013 715 1139
645 1349 693 1350
1022 1163 177 1253
190 202 187 1253
199 187 202 1253
198 1115 206 1304
543 976 951 1052
542 869 665 1139
340 917 328 973
218 1115 531 1302
796 1019 848 1097
906 1120 724 1323
972 1021 824 1321
332 328 319 973
861 1127 826 1175
1354 1314 1197 1369
387 1035 880 1265
593 1130 392 1265
848 1019 226 1097
867 1015 593 1265
387 1131 1035 1265
98 1259 895 1345
288 962 747 1057
771 1076 262 1102
288 299 290 1057
318 310 312 1057
683 993 955 1263
903 1298 1107 1316
682 750 671 1144
758 1148 844 1263
87 936 74 1135
74 936 925 1135
1090 1129 1104 1203
793 798 686 1032
1034 1224 415 1225
637 828 728 1033
727 828 676 1033
908 1049 757 1238
754 828 727 1033
898 1013 594 1046
51 1039 44 1087
37 900 580 1087
51 44 37 1087
264 260 271 982
271 780 264 982
173 842 182 1152
886 982 243 1261
344 805 613 1339
810 1059 1058 1127
211 214 200 1167
775 1219 869 1220
198 794 203 983
794 842 203 983
842 945 203 983
954 1258 632 1358
66 67 76 1118
63 733 69 1116
133 1138 123 1268
63 1119 987 1189
733 773 69 1116
66 76 81 1118
59 63 69 1116
250 967 257 985
677 748 644 1143
891 1232 795 1294
684 1176 745 1263
114 935 530 1316
349 798 874 533
177 164 169 1022
754 988 828 1216
514 180 189 1136
66 56 67 1118
37 528 50 1087
724 906 802 1120
842 995 728 1216
802 1066 134 1120
548 1155 708 1313
977 1052 47 1275
86 1100 587 1250
168 164 177 1215
154 927 169 1022
134 1066 143 1120
828 942 728 1216
35 573 529 1296
359 813 479 1297
270 771 268 279
1209 537 401 1074
203 842 191 1136
203 945 842 1136
813 849 723 990
723 849 790 990
379 849 813 990
369 813 723 990
379 813 369 990
737 790 666 990
666 790 735 990
666 816 737 990
735 816 666 990
722 744 721 1166
730 854 583 1306
1052 1067 47 1178
42 52 507 1178
332 1142 327 1305
133 123 134 1268
898 1023 351 1305
134 1066 841 1268
38 524 48 1189
668 1334 1150 1308
973 1023 898 1305
876 1067 837 1178
554 1067 951 1276
869 910 665 1149
824 1021 733 1256
1150 1287 667 1290
32 1003 42 1177
947 1147 949 1217
798 874 336 996
336 874 331 996
874 966 331 996
872 905 571 996
993 1148 957 1290
1092 1347 653 1290
673 1058 660 1127
861 915 660 1127
331 966 616 996
966 986 616 996
717 966 874 996
717 986 966 996
244 234 250 1000
234 967 250 1000
910 1121 664 1303
664 696 649 1303
668 1290 1231 1360
649 910 664 1303
743 1077 696 1303
171 168 178 1201
1187 1189 547 1262
239 247 249 1009
684 762 683 1263
993 1148 758 1263
256 959 245 1162
691 888 771 1001
584 888 691 1001
792 804 682 1111
571 1025 996 1235
358 360 345 1086
770 846 687 1005
770 938 846 1005
687 938 770 1005
316 303 314 1005
314 846 316 1005
846 938 316 1005
316 938 303 1005
788 994 938 1005
293 994 788 1005
938 994 303 1005
303 994 293 1005
647 964 631 1146
209 201 216 1006
201 887 216 1006
196 191 189 1136
203 191 196 1136
216 217 209 1006
1030 1064 782 1098
246 1266 255 1291
1025 1068 317 1278
404 612 395 1209
1052 55 1073 46
442 1208 1173 1209
401 413 1209 404
413 1208 442 1209
404 1011 405 1209
661 695 646 1184
1024 1326 1301 1355
574 991 107 1043
107 617 574 1043
92 617 95 1043
81 1118 883 1135
817 1118 925 1135
694 1186 740 1202
1109 1204 668 1360
184 843 171 1047
738 935 903 1316
266 959 256 1162
955 993 684 1263
498 162 161 1047
405 395 392 1011
395 593 392 1011
392 593 405 1011
405 404 395 1011
310 793 318 1210
370 819 715 1013
351 898 355 1013
839 840 654 1012
310 315 302 1210
654 1011 839 1012
589 671 659 1319
315 996 308 1210
412 934 729 1012
729 934 701 1012
701 1010 729 1012
729 1010 412 1012
60 68 73 1256
733 987 60 1256
880 934 397 1265
1015 1130 593 1265
563 955 956 1150
941 1021 824 1256
829 1138 724 1268
955 993 957 1150
139 969 146 1140
773 1207 714 1311
876 896 836 1145
56 925 64 1145
736 924 864 1014
864 924 750 1014
836 1037 781 1145
620 871 603 1260
750 924 751 1014
751 924 736 1014
795 1232 1167 1294
891 1288 736 1294
278 276 266 1016
276 804 266 1016
804 894 266 1016
266 894 278 1016
125 137 126 1017
137 870 126 1017
485 958 177 1253
800 1022 958 1253
202 1163 1006 1253
958 1022 177 1253
800 1226 1006 1253
187 1226 958 1253
765 1074 649 1185
671 1014 652 1144
974 1013 856 1255
370 1013 367 1255
367 1013 974 1255
772 906 802 1018
802 906 646 1018
236 921 229 1019
620 1115 552 1304
892 970 799 1078
6 500 8 1286
537 1074 766 1077
813 849 382 1078
50 1274 902 1300
902 939 936 1300
967 1000 827 1112
827 985 967 1112
120 129 117 1159
967 985 250 1112
882 969 935 1159
120 117 110 1159
606 1106 882 1159
728 942 842 1216
751 800 692 1254
795 828 728 1216
842 1152 173 1216
854 966 944 1164
364 923 357 1164
534 357 343 1164
658 1117 825 1233
728 995 795 1216
516 1131 374 1164
954 975 638 1362
745 1035 884 1306
745 1176 730 1306
816 893 756 1023
756 917 816 1023
1044 146 136 138
221 210 213 1302
99 1135 1049 1238
326 320 333 1235
304 624 295 1069
598 1029 947 1279
947 1029 949 1279
223 984 864 1167
660 1059 642 1127
660 915 673 1127
615 948 760 1027
263 948 615 1027
238 235 227 1027
620 784 760 1027
620 787 784 1027
227 920 787 1027
235 920 227 1027
787 920 784 1027
234 1000 225 1292
231 234 225 1292
539 950 559 1147
59 72 62 1029
59 773 72 1029
881 1036 621 1083
644 1055 975 1221
754 1033 727 1221
1169 1172 411 1219
832 1288 1065 1349
728 983 690 1105
86 587 85 1250
62 53 59 1029
59 878 773 1029
53 878 59 1029
168 157 164 1215
158 926 172 1083
927 1022 154 1215
800 1022 772 1215
906 1120 157 1215
772 1120 906 1215
164 1022 177 1215
687 1227 655 1229
369 362 990 875
677 1193 566 1309
1184 1353 1352 1370
354 1122 346 1168
836 925 876 1145
791 941 748 1050
1026 1126 930 1272
791 1040 941 1050
578 642 641 1128
324 330 318 1032
330 1031 318 1032
728 828 693 1033
637 783 694 1350
407 934 880 1034
416 934 407 1034
815 843 751 1226
420 1224 1222 1225
415 1224 420 1225
489 416 415 1034
489 866 416 1034
415 866 489 1034
764 880 669 1034
880 934 669 1034
416 764 702 1034
702 934 416 1034
702 764 669 1034
669 934 702 1034
1285 1246 1381 1380
617 877 852 1251
597 607 58 1343
892 1045 758 1086
37 50 51 1087
349 980 345 1086
832 1009 734 1065
574 862 131 1038
574 933 862 1038
149 141 158 1038
141 618 158 1038
574 991 933 1038
995 1216 189 1232
204 995 196 1232
618 879 862 1038
141 879 618 1038
862 879 131 1038
131 879 141 1038
1231 1337 1230 1367
162 1201 1047 1323
65 77 68 1040
68 939 65 1040
324 1032 901 1257
801 919 770 1257
84 73 68 1040
507 1178 989 1296
752 1331 585 1332
747 962 288 1041
741 985 827 1041
272 985 288 1041
711 1217 714 1283
259 985 272 1041
823 144 808 971
288 962 290 1041
878 1217 560 1283
849 1048 394 1113
394 1048 536 1113
288 863 747 1041
288 985 863 1041
747 863 741 1041
863 985 741 1041
584 803 778 1042
778 981 584 1042
300 309 296 1042
309 961 296 1042
739 757 677 1143
300 1008 309 1042
171 1047 162 1201
230 897 242 1141
980 1032 335 1045
337 335 324 1045
1240 1364 1363 1365
1231 1360 1290 1367
335 1032 324 1045
91 99 87 1135
925 1118 74 1135
817 1098 883 1135
925 936 817 1135
91 87 81 1135
936 1049 817 1135
83 868 97 1345
597 820 587 1324
962 1041 747 1202
679 845 686 1202
808 988 891 1047
891 988 161 1047
161 988 808 1047
161 171 174 1047
171 891 174 1047
174 891 161 1047
1025 1234 616 1235
1258 1358 1099 1366
47 1067 1052 1324
75 1160 61 1324
47 55 61 1324
562 1169 697 1218
643 861 790 1048
672 861 643 1048
410 536 394 1048
662 1129 1090 1148
394 379 391 1048
379 990 391 1048
821 857 672 1048
857 915 672 1048
800 1163 1022 1253
1006 1163 800 1253
187 958 485 1253
96 941 93 1050
538 977 557 1052
47 977 538 1052
47 538 43 1052
538 557 43 1052
326 807 317 1068
607 1103 598 1279
606 1079 806 1259
304 1068 624 1278
541 909 554 1276
656 1193 677 1309
1001 1008 981 1183
70 1103 607 1279
317 807 304 1068
132 885 133 1054
295 767 624 1206
265 830 277 1206
298 287 284 1206
1008 1183 1001 1206
644 748 677 1055
748 814 677 1055
825 941 814 1055
814 941 677 1055
812 941 825 1055
677 941 812 1055
284 830 767 1206
298 1183 1008 1206
299 962 290 1057
290 962 288 1057
144 971 132 147
288 901 297 1057
297 901 532 1057
1059 1060 642 1128
640 1062 964 1242
51 50 65 1300
931 1335 1204 1336
386 399 494 1149
639 1109 931 1204
73 824 733 1256
699 1061 818 1128
1082 1089 950 1147
662 1104 1090 1129
699 818 715 1220
663 1104 998 1129
403 1034 397 1243
763 1124 844 1243
107 991 574 1064
574 1038 131 1064
131 1038 119 1064
905 845 1070 1271
850 933 782 1064
782 1030 850 1064
782 933 608 1064
119 107 122 1064
107 574 122 1064
131 119 122 1064
122 574 131 1064
725 1018 646 1191
124 1066 134 1268
760 1266 246 1291
952 1189 878 1329
230 622 220 1101
220 761 230 1101
740 1109 668 1229
987 1119 890 1315
200 204 196 1232
814 825 727 1321
1258 1362 954 1364
850 1030 782 1066
725 829 802 1066
143 128 135 1269
850 1038 135 1269
128 1066 850 1269
112 1049 1030 1066
1030 1049 829 1066
829 1049 112 1066
782 817 725 1066
817 829 725 1066
817 1030 829 1066
782 1030 817 1066
1299 1326 1322 1327
1117 1283 1116 1330
61 968 52 1067
1301 1326 478 1327
1301 1096 652 1327
652 1096 671 1327
1129 1148 662 1241
935 1159 120 1259
1124 1129 998 1241
611 1190 206 1267
761 920 787 1267
267 830 625 1070
830 1028 625 1070
267 282 273 1070
282 830 273 1070
273 830 267 1070
845 948 615 1070
769 845 615 1070
794 1126 175 1272
263 274 280 1070
263 948 274 1070
210 1302 218 531
274 948 845 1070
927 946 881 1214
949 1180 1073 1181
36 45 515 1181
719 939 1085 812
58 912 597 1073
556 1073 976 1180
949 1073 54 1181
304 1068 807 1182
597 912 543 1073
976 1052 543 1073
543 1052 597 1073
46 58 55 1073
58 597 55 1073
601 665 612 1074
601 910 665 1074
308 905 302 1210
537 414 401 1074
396 970 376 1078
376 970 892 1078
382 849 388 1078
376 382 388 1078
396 376 388 1078
206 787 1304 1115
996 1031 793 1210
846 907 792 1174
517 771 254 1076
667 1290 1287 1348
467 1354 1197 1369
82 72 83 1103
687 1020 770 1109
371 892 813 1078
813 892 799 1078
614 789 265 1206
789 830 265 1206
70 82 71 1343
714 1079 689 1108
378 395 393 1317
644 1352 638 1369
145 1044 870 1080
144 159 145 1080
145 137 144 1080
269 985 860 1114
821 847 648 1081
643 847 821 1081
410 1048 821 1081
637 1334 694 1332
734 788 780 1114
547 1189 952 1329
648 822 821 1081
726 822 648 1081
643 821 672 1081
821 1048 672 1081
672 1048 643 1081
821 822 410 1081
410 822 726 1081
40 878 510 1082
276 289 283 1110
395 623 392 1130
40 45 483 1082
185 192 176 1126
40 952 878 1082
1024 1301 1326 478
561 952 40 1082
772 958 800 1215
1039 1084 960 1085
529 573 42 1296
529 506 35 1296
681 902 739 1236
343 805 333 1234
776 812 719 1085
719 960 776 1085
57 1039 939 1085
719 1039 960 1085
105 107 1100 95
770 1075 938 1257
901 938 311 1257
311 324 312 1257
322 324 311 1257
989 1178 553 1296
324 901 312 1257
42 507 506 1296
573 1177 42 1296
938 1075 322 1257
528 569 50 1087
528 580 569 1087
827 1000 752 1112
792 1016 804 1110
289 293 283 1110
289 1016 1005 1110
76 1118 67 1160
674 965 663 1282
587 1100 1043 1250
400 1153 389 1192
384 385 389 1192
494 399 400 1192
67 75 76 1160
67 968 61 1160
784 1027 920 1291
182 842 794 1152
61 75 67 1160
117 574 111 1106
759 1000 945 1302
61 1324 71 75
544 992 765 1185
1290 1092 1347 1360
1230 1231 630 1337
1109 1231 1204 1360
221 871 227 1302
217 1006 216 1097
217 212 209 1097
796 1006 212 1097
212 1006 209 1097
229 1019 921 1097
520 1019 229 1097
796 924 921 1097
921 924 212 1097
212 924 796 1097
520 229 212 1097
229 921 212 1097
230 761 622 1101
277 1001 268 1102
691 1076 771 1102
277 268 261 1102
215 1071 207 1101
832 1227 783 1349
1024 1301 1095 1352
998 1129 662 1241
1143 1314 1313 979
650 997 1299 1351
891 1270 736 1288
1195 1310 1055 1361
1240 1258 635 1366
1301 1320 1024 1355
979 1184 1143 1370
613 805 344 1264
1338 1347 1287 465
984 1167 200 1232
931 1020 655 1229
338 1237 807 1339
200 1167 204 1232
189 1216 180 1232
741 747 740 1295
931 1109 687 1229
1064 1098 105 1100
991 1043 608 1100
608 1064 991 1100
95 1043 107 1100
107 1043 991 1100
991 1064 107 1100
261 253 252 1102
252 897 261 1102
242 929 897 1102
253 929 242 1102
262 253 261 1102
262 1076 253 1102
252 253 242 1102
242 897 252 1102
993 1308 1186 1334
868 1029 714 1103
754 808 695 1205
1065 1270 645 1288
1105 1387 1094 1280
637 1099 635 1280
607 852 806 1103
806 852 82 1103
82 852 607 1103
983 1373 552 690
690 914 786 1105
786 914 676 1105
931 1062 918 1299
152 1120 906 1323
931 1242 1062 1299
35 911 573 1296
1133 635 1280 1356
1240 632 1258 1366
413 1010 440 1208
992 1011 612 1209
315 310 495 1210
652 1020 931 1299
918 1062 999 1299
552 1115 620 1260
67 1118 968 1160
935 1377 1108 738
969 1377 592 882
1029 1079 714 1108
1029 1103 1079 1108
714 1103 1029 1108
983 1105 759 1260
968 1118 883 1160
871 1115 759 1260
886 1144 780 1261
759 1115 983 1260
780 982 886 1261
232 243 247 1261
734 982 780 1261
864 1144 750 1261
1332 1334 476 1356
770 919 801 1109
639 919 770 1109
801 919 700 1109
700 919 639 1109
1333 1334 1356 1357
687 1020 931 1229
780 788 655 1111
655 788 687 1111
788 1110 1005 1111
780 1110 788 1111
788 1005 687 1111
827 1041 985 1112
985 1041 259 1112
250 985 259 1112
1154 599 744 1166
494 1149 869 1192
663 749 674 1282
536 1048 410 1113
1048 1081 410 1113
382 394 388 1113
382 849 394 1113
388 849 382 1113
780 1110 264 1114
264 1110 275 1114
338 807 333 1339
694 740 668 1228
628 1287 465 1338
739 817 757 1191
218 787 206 1115
649 1074 665 1303
664 712 696 1303
649 1185 1074 1303
56 968 67 1118
66 925 56 1118
883 968 744 1118
1041 1202 845 1331
616 805 343 1234
739 902 781 1236
987 1021 733 1117
733 1021 972 1117
992 1173 544 1209
55 1052 1073 597
683 1263 762 1312
653 1148 957 1312
48 1119 63 1189
49 60 48 1119
41 579 49 1119
41 732 579 1119
565 732 524 1119
49 579 550 1119
579 1084 550 1119
550 1084 49 1119
60 63 48 1119
60 987 63 1119
271 804 266 276
93 1238 1050 80
524 732 41 1119
143 152 142 1120
157 152 143 1120
157 906 152 1120
795 988 754 1216
167 988 174 1216
47 1052 55 1324
820 1160 587 1324
937 1037 569 1274
656 719 718 1233
754 828 795 1216
620 1190 787 1304
192 198 206 1304
804 271 266 508
983 1115 198 1304
588 887 753 1211
46 1072 482 1213
156 1140 930 1272
292 290 299 1123
290 962 299 1123
962 1057 299 1123
18 482 43 1213
619 930 913 1272
1088 1140 163 1272
163 1140 156 1272
845 962 274 1123
156 930 166 1272
619 1026 930 1272
274 962 290 1123
392 593 395 1130
380 623 374 1130
657 1249 1117 1285
383 623 380 1130
612 623 395 1130
263 255 246 1266
392 383 380 1130
127 1151 1106 1165
566 739 677 1143
392 623 383 1130
781 1145 1037 1274
988 1080 828 1273
930 1026 690 1126
690 983 794 1126
341 898 351 1305
552 983 690 1126
690 1026 552 1126
973 1142 332 1305
185 198 192 1126
185 983 198 1126
803 1142 973 1305
327 1134 341 1305
998 1124 663 1129
1146 1204 639 1242
393 399 386 1149
691 929 584 1156
384 1175 940 1192
1209 401 612 1074
695 1055 644 1221
302 905 294 1271
695 1205 1055 1221
764 1223 1034 1225
1090 1203 647 1204
697 1169 1121 1218
799 1078 844 1129
844 1078 749 1129
749 1078 799 1129
967 1000 234 1292
263 1027 615 1266
516 373 374 1131
923 1130 583 1131
127 1106 117 1165
882 1159 1106 1165
969 1140 139 1165
151 140 139 1165
151 610 150 1165
150 926 879 1165
151 150 140 1165
140 1151 127 1165
610 969 882 1165
129 969 139 1165
140 127 139 1165
139 1140 151 1165
623 923 374 1131
623 1130 923 1131
374 1130 623 1131
127 129 139 1165
117 1159 129 1165
129 1159 969 1165
730 1176 717 1306
338 341 327 1134
936 1040 791 1238
1030 1049 103 1135
103 1098 1030 1135
817 1049 1030 1135
1030 1098 817 1135
803 1042 961 1142
1008 1134 313 1142
216 205 215 1137
216 887 205 1137
622 1071 865 1137
215 1071 622 1137
205 887 865 1137
865 1071 205 1137
205 1071 215 1137
772 1215 927 1269
724 885 841 1138
724 829 646 1138
646 885 724 1138
121 971 109 1138
885 908 748 1138
748 971 885 1138
149 154 143 1269
149 1038 927 1269
971 1050 109 1138
109 1050 908 1138
748 1050 971 1138
908 1050 748 1138
930 1044 786 1140
153 1080 988 1273
159 1080 153 1273
309 319 305 1142
319 961 305 1142
305 961 309 1142
907 961 319 1142
907 973 961 1142
319 973 907 1142
583 1164 1131 1306
745 884 717 1306
352 1164 966 1306
199 924 208 1226
1310 1361 1195 1362
192 1126 198 1304
819 940 715 1192
611 627 206 1304
596 955 563 1186
655 1065 734 1144
864 1014 750 1144
864 1065 1014 1144
56 50 39 1145
50 551 39 1145
551 989 39 1145
39 507 56 1145
39 989 507 1145
507 989 56 1145
700 1203 1129 1204
1092 1335 549 1336
1090 1092 653 1204
656 1195 1055 1361
953 1224 396 1243
647 1203 1146 1204
918 1062 931 1336
1129 1203 1090 1204
700 1129 1090 1204
50 64 65 1300
127 879 862 1151
471 709 721 1166
782 599 725 1166
931 1020 639 1242
643 790 640 1242
735 790 666 1242
640 964 643 1242
393 910 399 1149
910 1074 601 1149
601 1074 393 1149
797 972 710 1311
399 869 494 1149
68 1040 73 1256
941 1040 812 1256
84 824 73 1256
987 1085 60 1256
401 910 393 1149
401 1074 910 1149
393 1074 401 1149
733 1021 987 1256
84 941 824 1256
1021 1085 987 1256
815 1047 843 1201
968 1160 820 1324
175 165 502 1152
502 794 175 1152
502 173 488 1152
488 173 182 1152
182 794 488 1152
488 794 502 1152
178 958 184 1201
180 1136 842 1216
686 717 605 1176
811 1058 418 1153
1046 1237 341 1264
605 730 596 1176
418 915 402 1153
705 915 418 1153
705 1058 915 1153
418 1058 705 1153
753 848 703 1156
928 1157 680 659
928 1157 659 1156
691 928 703 1156
584 928 691 1156
575 1301 1096 1319
703 928 659 1156
780 1144 734 1261
247 982 734 1261
620 1115 871 1260
734 1144 1065 1261
722 721 709 1166
744 599 782 1166
1055 1205 727 1221
385 494 400 1192
75 587 86 1160
587 1100 86 1160
90 76 86 1160
86 1100 90 1160
878 1082 952 1325
652 671 589 1327
560 878 855 1325
952 1082 561 1325
236 921 245 1161
254 691 270 1162
691 894 270 1162
809 921 886 1162
809 1019 921 1162
921 1019 245 1162
886 921 245 1162
245 959 886 1162
245 1019 241 1162
809 1076 1019 1162
1019 1076 241 1162
692 1018 751 1254
815 1201 958 1254
819 1149 1139 1255
968 820 883 722
534 966 352 1164
873 1167 204 1307
364 357 374 1164
374 923 364 1164
374 1131 923 1164
1093 1338 1091 1360
945 1302 873 1307
225 1302 213 1307
225 1292 1000 1307
214 1167 832 1307
213 873 204 1307
1092 1204 631 1335
213 1302 945 1307
879 926 610 1165
610 926 150 1165
826 1175 1153 1192
869 1149 819 1192
1153 1175 389 1192
200 984 211 1167
563 1186 955 1308
795 995 873 1167
873 995 204 1167
1290 1347 1287 1360
668 1308 993 1334
658 1055 633 1233
656 718 633 1233
633 1055 656 1233
812 1055 825 1233
816 1023 917 1168
816 990 922 1168
922 990 372 1168
917 1023 346 1168
346 1023 356 1168
419 835 493 1169
463 835 562 1169
562 835 460 1169
460 835 419 1169
463 411 493 1169
493 835 463 1169
299 1123 1057 1210
302 1123 299 1210
328 973 917 1174
917 973 907 1174
792 1005 846 1174
846 1005 314 1174
792 907 301 1174
305 319 314 1174
305 907 319 1174
907 973 319 1174
319 973 328 1174
846 963 917 1174
329 963 846 1174
328 339 329 1174
328 917 339 1174
301 1005 792 1174
314 1005 301 1174
314 301 305 1174
301 907 305 1174
917 963 339 1174
339 963 329 1174
656 719 677 1193
826 940 922 1175
922 940 384 1175
402 915 389 1175
402 1153 915 1175
389 1153 402 1175
714 1207 797 1311
677 831 681 1193
677 681 566 1193
1354 1369 978 1370
596 730 684 1176
730 745 684 1176
717 730 605 1176
467 1197 1194 1369
745 884 758 1176
884 980 758 1176
717 884 745 1176
717 980 884 1176
52 989 507 1178
42 1177 586 1178
586 1177 572 1178
47 586 572 1178
42 586 47 1178
723 919 892 1297
348 359 347 1297
347 359 350 1297
350 1045 919 1297
576 1180 1147 1181
1147 1180 949 1181
576 1179 556 1181
515 1073 556 1181
36 1179 576 1181
515 556 36 1181
556 1179 36 1181
602 1134 807 1182
807 1134 307 1182
79 868 773 1207
797 1007 972 1207
89 868 79 1207
1197 1369 1314 1370
797 1207 972 1311
775 818 774 1220
646 815 661 1184
646 1018 815 1184
815 1018 661 1184
661 1018 751 1184
945 1000 873 1302
146 1044 136 145
759 1115 871 1302
227 218 221 1302
661 751 671 1184
638 975 954 1320
1024 1301 638 1320
678 979 575 1184
575 1018 678 1184
537 1209 401 413
715 940 826 1192
639 1146 849 1203
663 1129 749 1203
668 740 694 1186
668 993 740 1186
993 1176 740 1186
749 1129 799 1203
748 1055 644 1205
941 80 1050 1040
48 547 38 1189
547 1187 38 1189
993 1176 684 1263
758 1176 993 1263
679 1202 1186 1331
679 943 845 1331
779 1188 855 1330
878 952 48 1189
48 952 547 1189
855 1283 779 1330
844 1241 763 1263
979 1184 678 1191
708 1155 721 1191
721 739 708 1191
725 817 782 1191
782 817 744 1191
744 1166 782 1191
782 1166 725 1191
678 1184 1018 1191
646 1184 1143 1191
1018 1184 646 1191
721 1155 675 1191
1155 1166 675 1191
675 1166 721 1191
1353 978 1352 1370
1188 1262 1189 1315
677 1143 644 1310
1143 1309 1197 1310
1189 1262 565 1315
1197 1309 1195 1310
714 1285 1283 1311
869 1192 819 1220
1133 545 1247 1248
689 1379 1380 1285
810 1172 1170 1219
1153 1172 810 1219
411 1172 1153 1219
690 942 786 1200
1044 1140 930 1200
930 1140 156 1200
155 156 146 1200
146 1044 155 1200
794 1152 690 1200
175 1152 794 1200
146 1140 1044 1200
156 1140 146 1200
153 167 159 1273
167 1216 180 1273
793 962 747 1202
740 1032 747 1202
686 1032 740 1202
740 1176 686 1202
740 1186 1176 1202
1176 1186 686 1202
668 1186 694 1334
632 1258 1344 1358
1062 1335 931 1336
747 1032 793 1202
793 1032 686 1202
483 523 500 1286
878 1116 773 1283
6 1125 483 1286
849 1078 799 1203
799 1078 749 1203
710 1117 658 1285
855 878 560 1283
885 971 748 1205
473 1198 424 1222
695 748 644 1205
560 1217 1199 1283
1199 1217 711 1283
1146 1203 639 1204
639 799 700 1204
639 1203 799 1204
799 1203 700 1204
844 880 763 1243
403 397 390 1243
631 1146 964 1204
880 1034 763 1243
298 300 287 1206
298 1008 300 1206
300 1008 287 1206
295 298 284 1206
295 624 298 1206
1143 1155 979 1313
993 1263 957 1312
797 1107 1007 1207
1007 1107 89 1207
89 1107 868 1207
868 1107 797 1207
714 868 797 1207
773 868 714 1207
957 1263 683 1312
762 1263 1241 1312
1148 1263 993 1312
612 1011 395 1209
395 1011 404 1209
413 766 537 1209
766 1074 537 1209
442 766 413 1209
442 1173 766 1209
839 1012 1011 1209
840 1012 839 1209
839 1173 840 1209
839 1011 544 1209
544 1173 839 1209
1096 1301 671 1319
692 1018 634 1319
671 1301 1184 1319
634 1018 575 1319
772 927 692 1212
172 179 169 1214
618 927 881 1214
881 1083 618 1214
169 927 158 1214
621 1036 179 1214
621 1083 1036 1214
172 621 179 1214
172 1083 621 1214
169 158 172 1214
158 1083 172 1214
158 927 618 1214
618 1083 158 1214
754 1221 1205 1270
906 1201 958 1215
168 1201 906 1215
177 1022 958 1215
754 1205 695 1270
1028 1271 1239 1289
695 891 754 1270
695 1221 975 1270
905 1028 571 1289
661 736 695 1270
653 1204 1092 1360
958 1201 178 1215
178 1201 168 1215
178 168 177 1215
177 958 178 1215
891 988 795 1216
719 776 718 1233
1037 1145 569 1274
174 988 891 1216
825 1021 812 1233
814 1252 941 1321
661 1184 671 1301
768 1236 937 1274
174 186 180 1216
174 891 186 1216
869 1121 399 1219
1121 1169 399 1219
1170 1171 775 1219
775 1171 869 1219
869 1171 1121 1219
1171 1218 1121 1219
292 1123 302 1271
658 1055 727 1221
806 895 851 1259
644 975 695 1221
975 1055 658 1221
1127 1153 810 1220
1153 1219 810 1220
775 1059 810 1220
1059 1127 810 1220
810 1170 775 1220
810 1219 1170 1220
1170 1219 775 1220
1222 1224 1223 1225
764 1034 866 1225
843 984 924 1226
858 1223 859 1224
408 415 403 1224
403 953 408 1224
1108 1259 1107 1345
523 1004 500 1286
859 953 706 1224
953 1124 706 1224
706 1124 859 1224
859 1223 1222 1224
859 1198 953 1224
859 1222 1198 1224
184 199 197 1226
843 924 751 1226
197 843 184 1226
751 1018 815 1254
415 1222 420 1224
197 199 208 1226
408 953 473 1224
446 414 785 448
953 1198 473 1224
1198 1222 473 1224
796 800 751 1226
751 924 796 1226
958 1201 815 1226
815 1201 843 1226
827 985 741 1227
1334 637 694 1350
632 1258 954 1364
687 1114 655 1227
860 967 734 1227
860 985 967 1227
860 1114 985 1227
734 1114 860 1227
741 863 687 1227
175 1272 690 794
863 1114 687 1227
1272 175 690 930
1092 1093 1091 1360
1310 1197 1143 1369
630 1230 1093 1231
196 995 189 1232
1109 1229 931 1231
631 1242 964 1335
1197 1314 1143 1370
1301 1352 1184 1353
645 1229 1228 1231
630 1229 645 1231
630 1093 931 1231
931 1229 630 1231
693 1270 795 1288
613 1237 344 1339
344 1237 338 1339
693 783 637 1350
1099 1334 1228 1350
931 1204 1109 1231
1093 1204 931 1231
677 1055 812 1233
656 1055 677 1233
1021 1085 812 1233
657 658 633 1233
657 1117 658 1233
1021 1117 987 1233
987 1117 718 1233
812 1085 776 1233
987 1085 1021 1233
776 987 718 1233
776 1085 987 1233
464 1341 1363 1365
1258 1364 1342 1365
616 996 986 1235
996 1025 986 1235
986 1025 616 1235
343 333 331 1235
331 616 343 1235
616 1234 343 1235
343 1234 333 1235
1025 1068 626 1235
807 1234 626 1235
626 1068 807 1235
807 1068 326 1235
87 1135 99 1238
104 1049 908 1238
908 1050 104 1238
104 1050 94 1238
99 104 94 1238
99 1049 104 1238
1297 723 963 875
80 1040 87 1238
80 1050 1040 1238
723 1297 963 919
295 1069 624 1239
1196 1310 638 1369
957 1150 993 1290
1240 1342 1258 1364
956 957 629 1290
856 1013 974 1264
613 923 353 1264
666 790 737 1242
737 790 639 1242
639 1020 737 1242
737 1020 666 1242
681 902 768 1300
931 1204 1093 1336
999 1335 1062 1336
631 1204 964 1242
964 1146 643 1242
643 1146 790 1242
937 1087 768 1300
681 939 902 1300
681 1039 939 1300
939 1039 57 1300
377 970 390 1243
745 880 844 1243
745 1035 880 1243
844 1035 745 1243
390 880 387 1243
880 1035 387 1243
387 1035 390 1243
390 1035 377 1243
749 1078 844 1243
396 1078 749 1243
749 953 396 1243
749 1124 953 1243
377 1035 970 1243
970 1035 844 1243
868 1108 1107 1345
1246 1382 1245 1249
570 1133 1245 1249
1245 685 1246 1249
864 984 736 1288
658 1117 657 1249
111 617 100 1281
110 895 98 1259
100 98 110 1281
117 1106 111 1281
117 1159 1106 1281
606 1159 851 1281
117 111 110 1281
468 685 1245 1249
468 1247 685 1249
1245 1247 468 1249
849 1203 1146 1282
110 111 100 1281
110 1159 117 1281
674 916 726 1282
726 1081 648 1282
849 1146 1081 1282
100 617 92 1251
100 895 617 1251
92 518 100 1251
518 895 100 1251
93 1050 106 1252
96 1050 93 1252
727 823 814 1252
727 904 823 1252
814 904 727 1252
130 971 823 1252
823 1017 130 1252
1006 1226 199 1253
199 1226 187 1253
386 1149 819 1255
601 856 853 1255
856 1013 853 1255
853 1149 601 1255
1013 1139 853 1255
1139 1149 853 1255
939 1040 68 1256
812 1040 939 1256
939 1085 812 1256
60 57 68 1256
60 1085 57 1256
84 1040 941 1256
73 1040 84 1256
57 939 68 1256
57 1085 939 1256
311 938 322 1257
322 337 324 1257
322 1075 337 1257
324 1045 1032 1257
1032 1045 801 1257
337 1045 324 1257
919 1045 337 1257
337 1075 919 1257
111 1106 574 1281
58 607 71 1343
565 732 38 524
587 1251 852 1343
574 617 111 1281
1106 1159 606 1281
633 1342 1248 1365
1258 1342 633 1361
1310 1196 1194 1369
644 1310 1143 1369
1230 1338 1231 1367
1287 1338 628 1348
378 974 383 1317
395 623 612 1317
231 232 247 1261
247 1009 231 1261
247 243 251 1261
243 982 251 1261
251 982 247 1261
763 880 844 1263
763 1241 762 1263
758 844 745 1263
745 1176 758 1263
844 880 745 1263
762 880 763 1263
745 867 684 1263
745 880 867 1263
684 867 762 1263
867 880 762 1263
341 338 344 1264
341 1237 338 1264
338 1237 344 1264
856 923 613 1264
856 974 923 1264
353 923 364 1264
923 974 364 1264
853 856 613 1264
853 1013 856 1264
405 392 397 1265
397 934 405 1265
392 1130 380 1265
1130 1131 380 1265
206 513 207 1267
207 611 206 1267
112 123 113 1268
123 1138 113 1268
113 1049 112 1268
113 1138 1049 1268
829 1049 908 1268
1049 1138 908 1268
908 1138 829 1268
154 1215 1120 1269
119 135 128 1269
119 850 135 1269
128 850 119 1269
850 1066 802 1269
1066 1120 802 1269
802 1120 772 1269
1120 1215 772 1269
754 891 795 1270
1028 1239 1069 1289
308 996 320 1289
282 1239 1070 1271
294 1239 282 1271
905 1070 1028 1271
1070 1239 1028 1271
629 957 653 1290
274 290 280 1271
274 1123 290 1271
395 401 1317 612
401 395 1317 393
732 565 38 1187
930 1126 690 1272
690 1126 794 1272
176 1126 627 1272
1302 227 1115 871
913 1088 619 1272
913 1140 1088 1272
619 1088 600 1272
176 600 163 1272
600 1088 163 1272
600 627 619 1272
176 627 600 1272
925 1145 781 1274
64 925 902 1274
64 1145 925 1274
306 317 304 1278
317 1068 304 1278
1148 1204 653 1290
957 1148 653 1290
1368 1351 466 999
320 317 306 1278
345 349 798 980
628 475 1367 1230
475 628 1367 1348
949 1147 62 1279
598 947 607 1279
947 949 607 1279
607 949 54 1279
54 949 62 1279
70 58 62 1279
58 54 62 1279
70 607 58 1279
58 607 54 1279
72 1029 868 1279
1029 1103 868 1279
868 1103 72 1279
676 1382 1249 1280
658 1033 676 1280
676 1249 658 1280
71 607 70 1343
1033 1258 635 1280
223 231 1261 232
1382 1381 676 1249
676 1383 1382 1280
71 597 58 1343
587 597 71 1343
965 1081 847 1282
1081 1146 847 1282
1146 1203 647 1282
647 1203 965 1282
674 726 648 1282
648 965 674 1282
647 965 847 1282
847 1146 647 1282
676 1380 710 582
483 1125 45 1286
1285 1381 1246 1249
1249 1284 1246 1285
662 1148 653 1312
711 714 689 1285
689 1246 711 1285
657 1117 779 1285
1117 1283 779 1285
1199 1284 657 1285
1199 1283 711 1285
711 1283 714 1285
1246 1284 688 1285
688 1284 1199 1285
779 1199 657 1285
779 1283 1199 1285
688 1199 711 1285
711 1246 688 1285
832 1167 864 1288
653 1290 1204 1360
1347 1091 1338 1360
587 1251 71 85
308 320 306 1289
320 1278 306 1289
1069 1239 295 1289
304 1278 1069 1289
306 1278 304 1289
571 1025 320 1289
571 1278 1025 1289
1025 1278 320 1289
306 304 295 1289
304 1069 295 1289
633 1055 658 1361
931 1242 1204 1335
955 1150 563 1308
214 223 231 1292
214 832 223 1292
955 1186 993 1308
668 1150 993 1308
286 278 270 1293
278 894 270 1293
305 961 792 1293
301 291 305 1293
301 1016 291 1293
691 894 833 1293
771 894 691 1293
833 1042 691 1293
691 1042 771 1293
270 771 286 1293
270 894 771 1293
305 792 301 1293
792 1016 301 1293
1167 1288 795 1294
770 938 687 1295
770 1257 938 1295
740 1032 801 1295
1032 1257 801 1295
801 1109 740 1295
687 1109 770 1295
770 1109 801 1295
801 1257 770 1295
553 1178 1177 1296
1177 1178 42 1296
919 1045 892 1297
892 1045 350 1297
348 963 875 1297
347 963 348 1297
1007 1107 797 1298
797 1107 903 1298
102 486 101 1298
102 1107 486 1298
1062 1351 999 1299
1062 1242 640 1299
640 1242 666 1299
666 1002 997 1299
666 1020 1002 1299
1299 1368 1062 1351
1368 1351 999 1062
1351 1368 997 1299
1024 1320 630 1355
666 1368 640 1299
666 997 578 1299
666 1368 578 640
937 1274 1087 1300
768 1274 937 1300
1337 1359 1099 1367
661 975 638 1320
658 1258 633 1361
630 1320 645 1355
1352 1369 1184 1370
978 1369 1352 1370
1096 1301 575 1353
225 1000 221 1302
531 203 210 1302
203 945 210 1302
203 1115 945 1302
531 1115 203 1302
1074 1185 1077 1303
1077 1185 696 1303
1074 1077 414 1303
414 1077 743 1303
414 743 713 1303
713 1121 414 1303
713 743 712 1303
712 1121 713 1303
332 341 351 1305
351 1023 332 1305
898 1046 803 1305
1046 1134 803 1305
605 730 717 1306
605 854 730 1306
717 854 605 1306
730 867 745 1306
730 1015 867 1306
867 1015 745 1306
583 1015 730 1306
583 1131 1015 1306
1131 1265 1015 1306
1015 1265 745 1306
1035 1265 1131 1306
745 1265 1035 1306
1035 1131 373 1306
352 884 519 1306
884 1035 519 1306
516 1164 352 1306
373 1131 516 1306
1131 1164 516 1306
373 352 519 1306
519 1035 373 1306
352 373 516 1306
975 1055 644 1310
475 1358 1344 1366
1055 1195 656 1310
1195 1309 656 1310
1095 1301 1096 1353
978 1352 1095 1353
638 975 644 1310
638 1196 975 1310
677 1055 656 1310
656 1309 677 1310
987 1189 1119 1315
935 1259 530 1316
102 530 97 1316
97 1107 102 1316
114 903 126 1316
903 935 126 1316
126 935 114 1316
738 1108 935 1316
797 1108 738 1316
1107 1259 1108 1316
1108 1259 935 1316
97 1259 1107 1316
530 1259 97 1316
108 903 114 1316
108 1298 903 1316
108 114 102 1316
102 1298 108 1316
671 703 659 1319
1018 1184 575 1319
671 751 692 1319
751 1018 692 1319
751 1184 1018 1319
671 1184 751 1319
755 972 904 1321
825 972 755 1321
727 825 755 1321
755 904 727 1321
941 1252 96 1321
96 1252 904 1321
824 941 96 1321
824 1007 972 1321
972 1007 904 1321
904 1007 96 1321
96 1007 824 1321
148 841 152 1323
152 906 168 1323
906 1201 168 1323
168 162 152 1323
168 1201 162 1323
148 1054 724 1323
152 162 148 1323
148 162 498 1323
162 1054 498 1323
498 1054 148 1323
69 733 60 73
52 47 61 1324
52 1067 47 1324
61 1067 52 1324
587 1160 75 1324
733 69 60 63
58 597 71 1324
71 587 75 1324
71 597 587 1324
1186 1202 694 1331
878 1283 855 1330
1116 1189 987 1330
1189 1329 1188 1330
1188 1329 855 1330
878 1189 1116 1330
987 1117 1116 1330
1188 1315 1189 1330
1189 1315 987 1330
878 1329 1189 1330
855 1329 878 1330
889 1117 987 1330
779 1117 889 1330
889 1315 1188 1330
987 1315 889 1330
585 752 603 1331
603 943 585 1331
603 948 943 1331
752 948 603 1331
1299 578 1368 997
667 1333 1308 1334
1332 1357 1334 585
585 1331 1186 1332
1186 1331 694 1332
752 759 637 1332
637 759 716 1332
585 716 603 1332
603 752 585 1332
585 1332 1186 1334
993 1186 668 1334
752 1260 759 1332
759 1260 716 1332
603 1260 752 1332
716 1260 603 1332
1184 1369 1143 1370
644 1184 638 1352
1332 1357 476 1334
1308 1357 1334 1333
1332 1357 585 476
1099 1333 667 1334
694 1228 668 1334
1299 1062 1368 640
667 1290 668 1334
180 842 182 173
842 180 182 514
1338 1348 1287 1360
1204 1290 668 1360
333 1235 1234 1339
1234 1235 807 1339
338 333 344 1339
333 805 344 1339
333 807 326 1339
807 1235 326 1339
326 1235 333 1339
1099 1358 1328 1366
633 1361 1342 1365
1363 1364 464 1365
635 1240 1133 1342
635 1258 1240 1342
1341 545 1240 1342
1344 1358 1258 1366
658 1280 1249 1342
1249 1280 1133 1342
1340 1364 1361 1365
464 1364 1340 1365
635 1280 1258 1342
1133 1280 635 1342
658 1258 1033 1342
1258 1280 1033 1342
1033 1280 658 1342
1079 1103 806 1345
806 1259 1079 1345
98 82 83 1345
98 895 82 1345
895 1103 82 1345
82 1103 83 1345
806 1103 895 1345
895 1259 806 1345
1194 1197 1310 1369
1167 1288 832 1349
873 1307 783 1349
783 1307 832 1349
795 1288 1167 1349
693 1288 795 1349
832 1307 1167 1349
1167 1307 873 1349
795 873 693 1349
795 1167 873 1349
1251 587 71 1343
645 1228 1227 1350
1227 1349 645 1350
783 1349 1227 1350
694 783 741 1350
741 1228 694 1350
783 1227 741 1350
1227 1228 741 1350
1143 1314 979 1370
630 1322 1024 1355
1322 1326 1024 1355
1301 1327 652 1355
652 1299 931 1355
1299 1322 931 1355
661 1320 1301 1355
645 1320 661 1355
645 1014 655 1355
655 1014 652 1355
661 1014 645 1355
661 1301 1014 1355
630 1229 931 1355
645 1229 630 1355
1326 1327 1301 1355
1322 1327 1326 1355
652 1327 1299 1355
1299 1327 1322 1355
652 931 655 1355
931 1229 655 1355
655 1229 645 1355
1033 1258 975 1359
693 1350 1033 1359
645 1270 975 1359
975 1270 693 1359
693 1270 645 1359
630 1231 645 1359
630 1337 1231 1359
1099 1358 1258 1359
1258 1358 954 1359
975 1221 1033 1359
1033 1221 693 1359
693 1221 975 1359
1184 1352 644 1369
297 1057 299 288
1057 297 299 532
1204 1336 1335 1360
1093 1336 1204 1360
1335 1336 1092 1360
1092 1336 1093 1360
1258 1361 658 1362
975 1310 1196 1362
1055 1310 975 1362
1055 1361 1310 1362
658 1055 975 1362
658 1361 1055 1362
1099 1328 635 1366
1361 1362 1258 1365
1361 1364 1362 1365
1362 1364 1258 1365
1338 1360 1231 1367
1290 1348 667 1367
667 1348 1328 1367
1328 1358 1099 1367
1328 1348 475 1367
38 565 1189 1187
1099 1358 1337 1367
1337 1358 1230 1367
628 1338 1230 1367
628 1348 1338 1367
349 345 798 533
1228 1334 1099 1367
1099 1334 667 1367
1228 1231 668 1367
1231 1290 668 1367
668 1290 667 1367
1099 1333 1328 1367
1328 1333 667 1367
667 1333 1099 1367
475 1358 1328 1367
1230 1358 475 1367
668 1334 1228 1367
667 1334 668 1367
1094 1389 1388 1105
914 1372 1094 1105
983 1371 1105 1260
1105 1373 914 1372
1260 1372 552 983
690 1372 1105 983
1105 1373 1372 690
930 1373 1374 914
983 1373 690 1372
1105 1373 690 914
930 1373 690 1026
1376 914 786 1375
913 1374 1375 930
1140 1375 969 786
1374 914 1375 786
676 1376 1094 914
930 1375 786 1374
592 935 738 1377
969 1375 592 786
1108 1079 1378 1377
676 1376 1377 1094
786 1377 676 1376
1108 689 1378 1079
935 1377 969 882
676 1378 1377 738
786 1377 738 676
676 1377 1378 1094
676 1379 582 1378
1108 1378 738 1377
676 1379 1378 738
1285 1379 710 689
689 1378 1379 738
676 1380 582 1379
710 1379 738 689
1380 1381 710 582
689 1380 1246 1285
676 1381 582 710
738 1380 676 1379
738 1380 710 676
676 1384 1094 1383
1246 1381 1382 1249
710 1381 1285 1249
1381 1380 710 1285
1249 1384 570 1280
676 1382 1383 582
1249 1245 1383 1382
1381 1382 676 582
1249 1383 1280 1382
676 1384 1383 1280
570 1384 1385 1280
1249 1384 1383 570
1249 1384 1280 1383
676 1384 1280 1094
1386 636 1385 1280
1385 636 1346 1280
1385 1094 1386 1280
1387 636 1386 1280
1386 1094 1387 1280
1332 1388 637 636
1280 1388 637 1105
1332 1389 1388 716
1387 1094 1388 1105
1094 1371 1390 1105
1390 716 1389 1105
1280 1388 1105 1387
1332 1389 637 1388
637 1389 1105 1388
1332 1389 716 637
1094 1390 1389 1105
1371 716 1390 1105
