1391
0.010000 0.028733 0.102500
0.010000 0.032500 0.098734
0.010000 0.032500 0.106267
0.010000 0.033733 0.092500
0.010000 0.033733 0.097500
0.010000 0.033733 0.107500
0.010000 0.033733 0.112500
0.010000 0.037500 0.088733
0.010000 0.037500 0.116267
0.010000 0.038733 0.087500
0.010000 0.038733 0.117500
0.010000 0.042500 0.083733
0.010000 0.042500 0.121267
0.010000 0.047500 0.083733
0.010000 0.047500 0.121267
0.010000 0.048733 0.082500
0.010000 0.048733 0.122500
0.010000 0.052500 0.078733
0.010000 0.052500 0.126267
0.010000 0.056266 0.082500
0.010000 0.056266 0.122500
0.010000 0.057500 0.083733
0.010000 0.057500 0.121267
0.010000 0.062500 0.083733
0.010000 0.062500 0.121267
0.010000 0.066267 0.087500
0.010000 0.066267 0.117500
0.010000 0.067500 0.088733
0.010000 0.067500 0.116267
0.010000 0.071267 0.092500
0.010000 0.071267 0.097500
0.010000 0.071267 0.107500
0.010000 0.071267 0.112500
0.010000 0.072500 0.098734
0.010000 0.072500 0.106267
0.010000 0.076267 0.102500
0.018425 0.040856 0.121961
0.018579 0.064807 0.083001
0.018734 0.030617 0.095000
0.018734 0.074383 0.095000
0.018742 0.029675 0.106250
0.018888 0.040740 0.083549
0.019204 0.071999 0.113714
0.019367 0.056250 0.125325
0.035933 0.054221 0.077176
0.037338 0.033391 0.119576
0.039058 0.052500 0.127979
0.040308 0.068989 0.123056
0.043827 0.027800 0.096443
0.045000 0.041482 0.079127
0.046404 0.073565 0.086285
0.047500 0.063750 0.078733
0.047500 0.076267 0.115000
0.055000 0.028425 0.110942
0.055000 0.044059 0.126575
0.055000 0.060941 0.126575
0.058476 0.078390 0.101952
0.068750 0.051952 0.076473
0.072500 0.052500 0.129075
0.075625 0.026473 0.103048
0.075625 0.036558 0.080926
0.075625 0.071258 0.121258
0.076875 0.033742 0.121258
0.077500 0.028733 0.090625
0.077500 0.076267 0.090000
0.084062 0.068754 0.080926
0.091875 0.077979 0.100309
0.095000 0.076267 0.115000
0.098437 0.053322 0.077295
0.101875 0.028151 0.094881
0.102500 0.040000 0.126267
0.104375 0.053596 0.127979
0.105000 0.030925 0.118442
0.105000 0.036558 0.080926
0.109531 0.075171 0.088123
0.110000 0.068441 0.124075
0.118750 0.076574 0.110942
0.120000 0.065000 0.078733
0.125000 0.028733 0.090000
0.126875 0.027569 0.101952
0.131250 0.055239 0.077569
0.131250 0.078527 0.101952
0.132500 0.040000 0.126267
0.135000 0.030925 0.118442
0.135000 0.036558 0.080926
0.135000 0.053596 0.127979
0.142500 0.068441 0.124075
0.146250 0.068989 0.081786
0.151250 0.028733 0.089688
0.152500 0.026473 0.101952
0.155000 0.076267 0.115000
0.155000 0.077979 0.103596
0.158750 0.055239 0.127431
0.161875 0.050309 0.077021
0.168750 0.062346 0.078579
0.168750 0.068441 0.124075
0.170000 0.036558 0.080926
0.173750 0.028733 0.115000
0.175000 0.038279 0.125171
0.177500 0.075171 0.088279
0.181875 0.053048 0.127431
0.185000 0.028733 0.090000
0.187656 0.027158 0.104555
0.188750 0.078253 0.102774
0.193125 0.069066 0.080926
0.195000 0.076267 0.115000
0.200000 0.036558 0.080926
0.204375 0.068441 0.124075
0.205000 0.028733 0.090000
0.205000 0.053596 0.077021
0.206563 0.035737 0.122940
0.208750 0.054692 0.127979
0.211250 0.075171 0.087654
0.215000 0.065000 0.078733
0.225000 0.027021 0.103596
0.225000 0.028733 0.090000
0.225000 0.036558 0.080926
0.225000 0.045154 0.127670
0.226875 0.077902 0.101798
0.232500 0.075171 0.116721
0.235000 0.030925 0.118442
0.235000 0.055000 0.077176
0.235000 0.060941 0.126575
0.235000 0.069691 0.080926
0.241250 0.076267 0.088750
0.245000 0.030925 0.086559
0.248750 0.026473 0.101952
0.249375 0.051952 0.128527
0.251250 0.077431 0.105240
0.253750 0.036558 0.124075
0.255000 0.038279 0.079829
0.256250 0.068441 0.124075
0.257500 0.053596 0.077021
0.263125 0.064375 0.078733
0.263750 0.074074 0.086559
0.267500 0.076267 0.115000
0.270625 0.027569 0.104143
0.272500 0.028733 0.090000
0.272500 0.028733 0.115000
0.275000 0.036558 0.124075
0.278750 0.055239 0.127431
0.283750 0.066721 0.125171
0.285000 0.074074 0.085309
0.285938 0.077863 0.100351
0.287500 0.036011 0.081473
0.295000 0.027175 0.100000
0.295000 0.030925 0.118442
0.295000 0.052500 0.077021
0.295000 0.065000 0.078733
0.295000 0.076267 0.115000
0.300000 0.053596 0.127979
0.305000 0.040000 0.126267
0.308750 0.072979 0.084213
0.316875 0.035934 0.080926
0.316875 0.078997 0.105394
0.317500 0.026550 0.104846
0.318750 0.032021 0.120788
0.321250 0.076421 0.092654
0.321875 0.068989 0.123527
0.324375 0.028656 0.091952
0.326875 0.051404 0.127979
0.330313 0.049178 0.077449
0.332500 0.065000 0.078733
0.335000 0.040000 0.126267
0.339375 0.077431 0.103048
0.341250 0.027021 0.105788
0.341250 0.030925 0.118442
0.341250 0.033117 0.083117
0.343750 0.074074 0.086559
0.345000 0.076267 0.115000
0.355000 0.053596 0.127979
0.355000 0.059846 0.077329
0.355625 0.066721 0.125171
0.358125 0.028151 0.094881
0.362500 0.041794 0.079127
0.365000 0.030925 0.118442
0.365000 0.040000 0.126267
0.366250 0.077979 0.102500
0.367500 0.074074 0.086559
0.375000 0.074074 0.118442
0.381250 0.030925 0.086559
0.381875 0.055586 0.127551
0.385000 0.027021 0.103596
0.385000 0.051404 0.077021
0.394375 0.068441 0.080926
0.396875 0.029829 0.116721
0.397500 0.040000 0.078733
0.405000 0.076267 0.090000
0.405000 0.076267 0.115000
0.406250 0.030925 0.086559
0.406875 0.078253 0.102226
0.408750 0.027569 0.099761
0.411250 0.038279 0.125171
0.414375 0.068441 0.124075
0.415000 0.053596 0.077021
0.415938 0.053869 0.128253
0.428750 0.030925 0.086559
0.428750 0.062346 0.078579
0.433438 0.030103 0.117307
0.434375 0.074074 0.086715
0.435000 0.040000 0.078733
0.436250 0.076267 0.115313
0.437500 0.077431 0.099761
0.439688 0.026747 0.103322
0.451875 0.030925 0.086246
0.452500 0.071883 0.121883
0.455000 0.042029 0.126421
0.455938 0.057542 0.127551
0.457500 0.067033 0.079829
0.460000 0.077979 0.101404
0.461250 0.027569 0.099761
0.461719 0.053459 0.077158
0.473594 0.074896 0.087849
0.475000 0.028733 0.090000
0.475000 0.038279 0.079829
0.475000 0.068441 0.124075
0.475000 0.076267 0.115000
0.484375 0.078527 0.103048
0.484688 0.030925 0.118442
0.492500 0.040000 0.126267
0.493125 0.052500 0.127979
0.495000 0.027021 0.102500
0.495000 0.065000 0.078733
0.498750 0.053048 0.075377
0.503438 0.071570 0.121258
0.507500 0.029829 0.088279
0.511875 0.077431 0.101952
0.515000 0.030925 0.118442
0.515000 0.044059 0.126575
0.515000 0.074074 0.086559
0.521250 0.062346 0.126421
0.523750 0.044996 0.078426
0.526250 0.060393 0.077877
0.528750 0.026473 0.103048
0.534375 0.032021 0.084838
0.535000 0.036558 0.124075
0.535000 0.074074 0.086559
0.535000 0.076267 0.115000
0.536250 0.028733 0.115000
0.545000 0.040000 0.078733
0.546563 0.050583 0.127705
0.546563 0.078253 0.101131
0.547500 0.070162 0.122979
0.550000 0.065625 0.078733
0.555938 0.027449 0.099178
0.557500 0.074074 0.086559
0.561250 0.036246 0.124075
0.564063 0.053869 0.076747
0.565000 0.028733 0.115000
0.567500 0.040000 0.078733
0.570000 0.029829 0.088279
0.570000 0.064375 0.078733
0.570625 0.060393 0.127123
0.573750 0.074074 0.118442
0.583750 0.077979 0.101404
0.584375 0.043904 0.127046
0.586250 0.074074 0.086559
0.591250 0.036558 0.080926
0.591875 0.026824 0.103476
0.595000 0.028733 0.090000
0.595000 0.065000 0.078733
0.595000 0.069691 0.124075
0.595000 0.076267 0.115000
0.595781 0.031473 0.120083
0.605625 0.052226 0.076747
0.610000 0.059495 0.126849
0.613750 0.074074 0.086559
0.615000 0.040000 0.126267
0.615000 0.074074 0.118442
0.616875 0.037107 0.080377
0.618125 0.078527 0.101952
0.618750 0.062346 0.078579
0.622500 0.028733 0.090000
0.625000 0.050309 0.129075
0.631875 0.027295 0.104418
0.632500 0.046404 0.077329
0.635000 0.069691 0.080926
0.635000 0.069691 0.124075
0.635000 0.076267 0.090000
0.635000 0.076574 0.110942
0.645000 0.030925 0.118442
0.645000 0.050309 0.129075
0.647500 0.040000 0.126267
0.650000 0.053750 0.077646
0.651250 0.062346 0.126421
0.653750 0.040000 0.078733
0.653750 0.077902 0.103202
0.655000 0.074074 0.119691
0.655938 0.030925 0.086246
0.658750 0.067346 0.079829
0.662500 0.027021 0.101404
0.665000 0.075171 0.088279
0.675000 0.028733 0.115000
0.675000 0.053596 0.077021
0.675625 0.035385 0.123527
0.677188 0.052226 0.128253
0.680000 0.077979 0.101404
0.683750 0.036558 0.080926
0.683750 0.065000 0.126267
0.685625 0.027175 0.099688
0.685625 0.075171 0.116721
0.689375 0.067893 0.080377
0.697500 0.028733 0.115000
0.700625 0.054298 0.077098
0.701250 0.055787 0.127979
0.705000 0.076574 0.094059
0.706250 0.045309 0.126575
0.706250 0.070318 0.122979
0.708750 0.034213 0.122979
0.708750 0.077979 0.105788
0.711875 0.026473 0.103048
0.715000 0.036558 0.080926
0.717500 0.028733 0.090000
0.722500 0.076267 0.115000
0.724375 0.066721 0.079829
0.725000 0.028733 0.115000
0.725000 0.053596 0.077021
0.727500 0.051404 0.127979
0.735000 0.025925 0.100309
0.735938 0.077396 0.096053
0.738438 0.041208 0.125599
0.743125 0.066721 0.125171
0.745000 0.044059 0.078426
0.746250 0.028425 0.110942
0.746250 0.030925 0.086559
0.748750 0.055787 0.077021
0.753750 0.054692 0.129075
0.755000 0.075171 0.116721
0.761250 0.075171 0.087654
0.762500 0.065000 0.078733
0.763438 0.026473 0.102500
0.765000 0.035308 0.124075
0.765625 0.077979 0.102500
0.773125 0.050702 0.127902
0.773125 0.052500 0.077021
0.775000 0.028733 0.090000
0.775000 0.028733 0.115000
0.775000 0.036558 0.080926
0.775000 0.065000 0.126267
0.783750 0.068441 0.080926
0.785000 0.076267 0.090000
0.790000 0.074074 0.118442
0.796250 0.030925 0.118442
0.796875 0.044606 0.127123
0.803750 0.062971 0.126421
0.805000 0.028425 0.094059
0.805000 0.074074 0.086559
0.806875 0.049760 0.077569
0.808750 0.062346 0.078579
0.815000 0.025925 0.104692
0.815625 0.038279 0.079829
0.816563 0.077705 0.104418
0.823750 0.030103 0.117151
0.824063 0.056956 0.128373
0.825000 0.069066 0.080926
0.825000 0.074074 0.118442
0.832500 0.076267 0.090000
0.835000 0.044059 0.126575
0.836250 0.030925 0.086559
0.836875 0.053596 0.077021
0.841250 0.027569 0.099761
0.845000 0.040000 0.078733
0.845000 0.068441 0.080926
0.847500 0.078390 0.104006
0.855000 0.054692 0.129075
0.855000 0.076267 0.090000
0.856250 0.028733 0.090000
0.860000 0.068441 0.124075
0.865000 0.027021 0.101404
0.865000 0.055822 0.077449
0.865000 0.076267 0.115000
0.866250 0.036558 0.080926
0.870000 0.069691 0.080926
0.874688 0.030925 0.118442
0.875000 0.044880 0.126849
0.876250 0.076848 0.094881
0.892500 0.030925 0.086402
0.893750 0.027021 0.102500
0.894375 0.066096 0.125171
0.894688 0.056369 0.077997
0.895000 0.040000 0.126267
0.895000 0.069691 0.080926
0.897500 0.040000 0.078733
0.900625 0.052226 0.128253
0.902500 0.076267 0.090000
0.903125 0.078253 0.102226
0.907500 0.075171 0.116721
0.910000 0.030925 0.118442
0.920000 0.036558 0.080926
0.923750 0.074074 0.086559
0.924375 0.027569 0.103048
0.924375 0.065000 0.078733
0.925000 0.040000 0.126267
0.925000 0.068441 0.124075
0.931250 0.052774 0.076747
0.931875 0.053048 0.128527
0.935000 0.028733 0.090000
0.940000 0.030925 0.118442
0.942500 0.036558 0.080926
0.945000 0.075171 0.116721
0.945625 0.077979 0.103596
0.955000 0.065000 0.126267
0.955000 0.074074 0.086559
0.956250 0.027021 0.103596
0.958125 0.051952 0.127431
0.960000 0.040000 0.126267
0.960000 0.065000 0.078733
0.962500 0.030925 0.118442
0.975000 0.029829 0.088279
0.975000 0.038279 0.079829
0.975000 0.052500 0.077021
0.981250 0.078527 0.101952
0.983750 0.036558 0.124075
0.983750 0.051404 0.127979
0.983750 0.068441 0.124075
0.985000 0.027021 0.101404
0.985000 0.028733 0.115000
0.985000 0.068441 0.080926
0.985000 0.076267 0.090000
0.985000 0.076267 0.115000
1.000000 0.023733 0.102500
1.000000 0.027500 0.098734
1.000000 0.027500 0.106267
1.000000 0.028733 0.087500
1.000000 0.028733 0.092500
1.000000 0.028733 0.097500
1.000000 0.028733 0.107500
1.000000 0.028733 0.112500
1.000000 0.028733 0.117500
1.000000 0.032500 0.083733
1.000000 0.032500 0.121267
1.000000 0.033733 0.082500
1.000000 0.033733 0.122500
1.000000 0.037500 0.078733
1.000000 0.037500 0.126267
1.000000 0.042500 0.078733
1.000000 0.042500 0.126267
1.000000 0.047500 0.078733
1.000000 0.047500 0.126267
1.000000 0.048733 0.077500
1.000000 0.048733 0.127500
1.000000 0.052500 0.073733
1.000000 0.052500 0.131267
1.000000 0.056266 0.077500
1.000000 0.056266 0.127500
1.000000 0.057500 0.078733
1.000000 0.057500 0.126267
1.000000 0.062500 0.078733
1.000000 0.062500 0.126267
1.000000 0.067500 0.078733
1.000000 0.067500 0.126267
1.000000 0.071267 0.082500
1.000000 0.071267 0.122500
1.000000 0.072500 0.083733
1.000000 0.072500 0.121267
1.000000 0.076267 0.087500
1.000000 0.076267 0.092500
1.000000 0.076267 0.097500
1.000000 0.076267 0.107500
1.000000 0.076267 0.112500
1.000000 0.076267 0.117500
1.000000 0.077500 0.098734
1.000000 0.077500 0.106267
1.000000 0.081267 0.102500
0.010000 -0.192500 -0.142500
1.000000 -0.192500 -0.142500
1.000000 0.202500 -0.142500
0.010000 0.202500 -0.142500
0.010000 -0.192500 0.152500
1.000000 -0.192500 0.152500
1.000000 0.202500 0.152500
0.010000 0.202500 0.152500
0.975000 0.034055 0.084053
0.987507 0.029281 0.087889
0.987498 0.037890 0.079282
0.505162 -0.192500 -0.142500
0.504685 -0.192500 0.152500
0.505075 0.202500 0.152500
0.504789 0.202500 -0.142500
0.851605 0.045053 0.078979
0.780214 0.028749 0.110650
0.019273 0.065338 0.118624
0.018896 0.048558 0.123644
0.018600 0.034689 0.113294
0.118336 0.029530 0.106589
0.387690 0.076217 0.094592
0.169436 0.027946 0.097114
0.118433 0.032354 0.087905
0.377495 0.028990 0.105798
0.994441 0.028099 0.108388
0.153949 0.046340 0.126649
0.014423 0.072259 0.105932
0.992229 0.045608 0.078201
0.993437 0.077058 0.108808
0.924060 0.076712 0.109473
0.729047 0.027448 0.106991
0.986871 0.040283 0.079309
0.587819 0.058298 0.077740
0.312660 0.057087 0.078091
0.758814 0.058343 0.126599
0.013571 0.036752 0.116509
0.279377 0.069537 0.082645
0.361564 0.029539 0.106666
0.499842 0.037491 0.122507
0.013781 0.066402 0.118164
0.305300 0.059067 0.126574
0.019001 0.073028 0.105634
0.038853 0.075196 0.107829
0.602499 0.068211 0.082569
0.666860 0.045162 0.079284
0.040585 0.030594 0.108001
0.627492 0.054904 0.127961
0.577647 0.045220 0.078835
0.474310 0.048727 0.126906
0.395635 0.028975 0.095069
0.038198 0.042949 0.123779
0.849368 0.037490 0.121998
0.600602 0.075873 0.110591
0.166693 0.046949 0.126326
0.857118 0.029162 0.108625
0.492717 0.076163 0.094894
0.891880 0.076009 0.105805
0.991974 0.049105 0.078184
0.018513 0.037770 0.117624
0.018811 0.035683 0.089270
0.014445 0.046619 0.081142
0.014215 0.046676 0.124113
0.014293 0.068034 0.087747
0.018657 0.069598 0.089005
0.014602 0.074133 0.108107
0.211311 0.029040 0.111493
0.462193 0.028837 0.110883
0.700322 0.031870 0.090300
0.789202 0.026199 0.103595
0.815611 0.037487 0.122505
0.867504 0.056655 0.125462
0.953106 0.045533 0.078287
0.983750 0.059923 0.126027
0.019320 0.060790 0.121977
0.010000 0.004878 0.152500
1.000000 0.004888 0.152500
0.010000 0.103670 0.152500
1.000000 0.103675 0.152500
0.010000 0.054230 0.152500
1.000000 0.054269 0.152500
0.010000 -0.192500 0.005051
0.010000 0.004887 -0.142500
0.010000 0.023766 0.093767
0.010000 0.202500 0.005009
1.000000 0.004997 -0.142500
0.010000 0.043767 0.073767
0.010000 0.081233 0.093767
0.415079 0.005022 0.152500
0.010000 0.081233 0.111234
0.010000 0.078959 0.152500
0.257528 0.202500 0.152500
0.010000 0.043767 0.131233
0.010000 0.061233 0.131233
0.752387 0.202500 0.152500
0.010000 0.029569 0.152500
0.010000 0.003720 0.121257
0.010000 0.023766 0.111234
1.000000 0.086233 0.111234
0.752495 -0.192500 0.152500
0.010000 0.028961 0.094794
0.010000 0.027384 0.082384
0.010000 0.102556 -0.008879
0.010000 0.044794 0.078961
0.010000 0.076039 0.094794
0.010000 0.077616 0.082384
0.257535 -0.192500 0.152500
0.707562 0.029579 0.152500
0.010000 0.077616 0.122616
0.010000 0.076039 0.110206
0.230503 0.066594 0.152500
0.333403 0.202500 -0.005007
0.010000 0.032384 0.127616
0.010000 0.044794 0.126039
1.000000 0.202500 0.004945
0.010000 0.035414 0.077769
0.010000 0.069802 0.080198
0.010000 0.073284 0.086716
0.212645 -0.069081 0.152500
0.857950 0.029579 0.152500
0.628731 0.122600 0.152500
0.593521 -0.078583 0.152500
0.010000 0.071356 0.121356
0.118865 0.066594 0.152500
0.419615 0.108371 0.152500
0.628731 0.202500 0.016663
0.010000 0.033644 0.121356
0.010000 0.069586 0.085414
0.271174 -0.002875 0.152500
0.937558 0.029579 0.152500
0.820875 0.118436 0.152500
0.549985 0.051055 0.152500
0.782756 -0.059352 0.152500
0.061624 0.066594 0.152500
0.106413 0.017223 0.152500
0.174684 0.137994 0.152500
0.351625 0.057418 0.152500
0.910182 0.078972 0.152500
0.721939 0.087486 0.152500
0.542895 -0.016186 0.152500
0.527327 0.103896 0.152500
0.782756 -0.006940 0.152500
0.196993 0.023979 0.152500
0.090244 0.043321 0.152500
0.174684 0.096839 0.152500
0.295863 0.120523 0.152500
0.283371 0.036621 0.152500
0.450459 0.051537 0.152500
0.944682 0.057159 0.152500
0.817911 0.071765 0.152500
0.630731 0.075443 0.152500
0.615309 0.015619 0.152500
0.782756 0.030673 0.152500
0.174684 0.052966 0.152500
0.297477 0.083168 0.152500
0.349314 0.020914 0.152500
0.493764 0.016681 0.152500
0.406173 0.076038 0.152500
0.500650 0.073402 0.152500
0.889155 0.052930 0.152500
0.687555 0.060220 0.152500
0.610813 0.046318 0.152500
0.757337 0.060415 0.152500
0.402551 0.034026 0.152500
0.752579 -0.192500 -0.142500
1.000000 -0.192500 0.004862
0.594894 0.005021 -0.142500
1.000000 0.009535 -0.030162
0.257473 -0.192500 -0.142500
0.010000 -0.059264 -0.022515
0.381301 0.202500 0.084084
0.381110 -0.192500 0.004994
0.381110 -0.117513 0.152500
0.439507 -0.061764 0.071494
0.302382 0.075533 -0.142500
0.858434 0.042087 0.019722
1.000000 0.105823 -0.011541
1.000000 0.202500 0.078731
1.000000 0.137205 0.051755
1.000000 0.075756 0.028966
0.218579 0.073826 -0.031391
0.506623 0.006553 -0.025803
0.263950 0.102308 0.041627
1.000000 0.019507 0.025315
1.000000 0.040000 0.061233
1.000000 0.078955 0.152500
0.752356 0.202500 -0.142500
0.818283 0.202500 0.041838
0.621243 0.101664 -0.022105
1.000000 -0.086560 0.015746
1.000000 0.029597 0.152500
0.582617 0.038970 0.014846
0.010000 0.020732 -0.004852
0.010000 -0.052681 0.060283
0.212500 -0.048422 0.014180
0.534185 0.202500 0.077136
1.000000 0.099981 0.057887
0.406048 0.079702 -0.009296
1.000000 -0.037589 0.065564
1.000000 0.008100 0.063100
1.000000 0.091315 0.133947
0.955100 0.091315 0.152500
0.841903 0.123974 0.020198
0.683973 -0.192500 0.004995
0.763765 -0.067809 0.019532
1.000000 0.015734 0.134266
0.968793 0.017242 0.152500
0.525000 0.134731 0.033585
1.000000 0.074797 0.054376
1.000000 0.087670 0.072330
1.000000 0.024387 0.067932
0.010000 0.202500 0.078732
0.275097 -0.037558 0.096891
0.114568 0.064912 0.011281
0.196724 0.202500 0.062801
0.674550 -0.035537 0.152500
0.694602 0.202500 0.083662
0.010000 0.086452 0.035759
0.600000 0.093343 0.057659
1.000000 -0.093770 0.152500
0.895687 -0.033146 0.152500
0.010000 -0.093799 0.152500
0.741596 -0.014595 0.115189
0.681077 0.034447 0.031634
0.010000 -0.044502 0.152500
0.165074 -0.024222 0.152500
0.367958 0.003409 0.115371
0.598507 0.107867 0.110185
0.389659 0.139202 0.086673
0.437450 -0.007916 0.033453
0.608750 -0.053932 0.071527
0.317140 0.055391 0.020085
1.000000 0.076938 0.137763
1.000000 0.086711 0.123052
0.876255 0.202500 0.152500
0.843750 0.144696 0.085786
0.854012 -0.022144 0.043899
1.000000 0.029522 0.138170
1.000000 0.023294 0.126706
0.504112 0.130493 0.087541
1.000000 0.075112 0.067742
1.000000 0.080893 0.079107
1.000000 0.011642 0.081029
1.000000 0.023415 0.078415
0.010000 0.150169 0.041870
0.010000 0.153111 0.152500
0.163919 -0.028295 0.085210
0.081443 -0.022713 0.152500
1.000000 0.082864 0.131098
1.000000 0.079332 0.124332
0.105501 -0.011739 0.113435
0.876228 0.109887 0.107842
0.443282 -0.059377 0.152500
0.794525 0.006544 0.117814
0.010000 -0.004254 0.040925
0.010000 0.043971 0.031023
0.727217 0.148367 0.152500
0.010000 0.150329 0.097220
0.086041 0.128390 0.152500
0.847665 0.044179 0.049108
0.286465 0.084692 0.059761
0.250237 0.138397 0.092044
0.979250 0.038700 0.067718
0.243220 -0.001693 0.041011
0.406233 -0.007337 0.083918
1.000000 0.030512 0.130209
0.852820 -0.005393 0.152500
0.714766 0.138022 0.092018
0.010000 0.033542 0.083806
0.102004 0.014848 0.077276
0.573185 0.042937 0.046623
0.907159 0.110185 0.056768
0.438971 0.059592 0.030991
0.803228 0.087672 0.040459
0.220914 -0.012887 0.119203
0.090360 0.112364 0.054201
0.731145 -0.020585 0.054644
0.624943 -0.006198 0.050382
1.000000 0.074297 0.075309
1.000000 0.074242 0.130354
0.107734 0.120864 0.109852
0.870998 -0.005111 0.117570
0.302964 0.058944 0.152500
0.685125 -0.000973 0.076671
0.219089 0.063948 0.033644
0.957425 0.017274 0.071498
0.525000 0.090054 0.052442
0.412828 0.106755 0.051952
0.549945 -0.024020 0.101606
0.441991 0.116917 0.110640
0.334147 0.012854 0.040032
0.215000 -0.004200 0.074734
0.800747 0.112481 0.072864
0.178257 0.104166 0.054252
0.833635 -0.009630 0.081474
0.472800 -0.012001 0.109669
0.554687 0.020452 0.152500
0.500057 0.042789 0.152500
1.000000 -0.044452 0.152500
1.000000 -0.014341 0.109802
1.000000 0.012430 0.114402
1.000000 0.066601 0.152500
1.000000 0.061233 0.136233
0.646906 0.056413 0.152500
0.010000 0.080033 0.058693
0.675742 -0.001038 0.152500
0.755795 0.044612 0.039326
0.612847 0.092161 0.116141
0.333401 0.114126 0.092888
0.105359 0.008540 0.104793
1.000000 0.153043 0.152500
1.000000 0.118994 0.115830
0.010000 0.023014 0.051343
1.000000 0.040000 0.070162
0.695692 0.118552 0.152500
0.010000 -0.017751 0.084545
0.601471 0.062575 0.053813
0.010000 0.117106 0.074445
0.191719 0.118676 0.115636
0.519393 -0.007869 0.058840
0.521832 0.028234 0.152500
1.000000 0.060206 0.131039
0.296363 -0.005382 0.118533
0.496088 0.023164 0.134746
0.659946 0.045497 0.053810
0.617610 0.061421 0.152500
0.920629 0.064529 0.036798
0.145278 0.069805 0.044438
0.673542 0.096545 0.058481
0.723846 0.004740 0.106830
0.381453 0.016948 0.114760
0.417500 0.015404 0.056514
0.479295 0.104013 0.088872
0.173010 -0.002422 0.101047
0.771044 0.013911 0.110804
0.885939 0.012703 0.054158
0.395271 0.107430 0.091620
0.779888 0.005484 0.062040
0.273774 0.105886 0.083378
0.713419 0.112282 0.117752
0.612193 0.076307 0.065961
0.798471 0.051617 0.152500
0.148514 0.031291 0.152500
0.752381 0.065427 0.138985
0.314226 0.051399 0.049216
0.546250 0.105987 0.084208
1.000000 0.106186 0.092025
1.000000 0.086233 0.093767
0.090313 0.034961 0.039570
0.862467 0.038629 0.063795
0.212500 0.030395 0.046080
0.355625 0.087658 0.055342
0.837882 0.091812 0.063676
0.150526 0.107742 0.085874
0.911657 0.134161 0.152500
0.896527 0.093969 0.113806
0.090244 0.095871 0.152500
1.000000 0.057156 0.056577
1.000000 0.048036 0.065698
0.265009 0.012765 0.064906
0.123681 0.024185 0.076426
0.146737 -0.003572 0.039312
0.925359 0.106233 0.087379
0.580022 -0.003308 0.077384
0.337538 -0.001852 0.073262
0.226270 0.095528 0.068257
0.635000 0.054382 0.140744
0.010000 0.064261 0.041914
0.517746 0.023409 0.055766
0.663420 0.112020 0.091153
0.010000 0.118513 0.117697
1.000000 0.081039 0.110206
0.010000 0.105825 0.096461
0.010000 0.098401 0.122956
1.000000 0.044692 0.073444
1.000000 0.041932 0.152500
1.000000 0.042330 0.139107
0.271379 0.081478 0.073200
0.395175 0.008299 0.096333
0.406417 0.068483 0.052877
0.921670 -0.006801 0.091772
0.651361 -0.007789 0.116691
0.741124 0.070693 0.051577
1.000000 0.042381 0.036070
0.505000 0.105397 0.119284
0.919705 0.037603 0.050657
0.255877 0.109203 0.115436
0.178432 0.037047 0.152500
0.136835 0.049603 0.152500
0.858073 0.094486 0.152500
0.819380 0.013413 0.152500
0.010000 0.000996 0.098216
0.863558 0.071828 0.152500
1.000000 0.063226 0.066836
1.000000 0.001473 0.097965
1.000000 0.016312 0.092539
0.584852 0.036951 0.062908
0.942187 0.086563 0.060456
0.269498 0.069316 0.152500
0.652943 0.017217 0.060589
0.487339 0.066312 0.048436
0.454876 0.087841 0.152500
1.000000 0.020288 0.110932
0.917453 -0.002588 0.152500
0.129899 0.015611 0.113100
0.952414 0.103508 0.122374
0.268269 0.000862 0.094716
0.515628 0.003275 0.118203
0.731020 0.004041 0.152500
0.462159 0.002585 0.074183
0.790145 0.019148 0.116547
0.834882 0.067812 0.056293
0.041033 0.096116 0.109019
0.158371 0.043936 0.152500
0.039239 0.011108 0.106385
0.290325 0.062389 0.139242
0.951250 0.004391 0.125946
0.353028 0.102454 0.152500
0.246659 0.019236 0.152500
0.136591 0.100295 0.115416
0.849530 0.009094 0.107501
0.257836 0.063402 0.052111
0.563393 0.078573 0.060114
0.456011 0.097621 0.127112
0.588845 0.098588 0.152500
0.010000 0.004163 0.069825
0.010000 0.023910 0.067045
0.378064 0.037865 0.049750
0.849894 0.011963 0.071605
0.843750 0.102294 0.088056
0.617872 0.100644 0.082093
0.163017 0.039011 0.138711
0.010000 0.086428 0.102500
0.550950 0.080566 0.152500
0.807500 0.106697 0.121403
0.010000 0.062499 0.063537
0.010000 0.061233 0.073767
0.699375 0.018731 0.074626
0.066227 0.091194 0.067364
0.215000 0.007166 0.094189
0.195000 0.015906 0.072061
0.686250 0.013577 0.133481
0.326053 0.095481 0.075869
0.733998 0.103628 0.073609
0.200945 0.075925 0.055556
0.049988 0.087574 0.152500
0.960709 0.086917 0.133034
0.010000 0.081347 0.105390
0.046383 0.041900 0.152500
0.303109 0.014878 0.152500
0.346339 -0.020620 0.152500
0.969294 0.080507 0.072150
0.973470 0.027289 0.073064
0.789042 0.089589 0.070440
0.797465 0.079074 -0.142500
0.797166 0.036589 0.054588
0.509102 0.034048 0.133836
0.525000 0.090558 0.073845
0.885430 0.093708 0.073196
0.843865 0.051377 0.152500
0.468958 0.090721 0.062758
0.081835 0.104067 0.091672
0.314719 0.056428 0.139032
0.318056 0.105262 0.124950
0.603570 0.156757 0.069912
0.553895 0.094983 0.130690
0.330757 0.009743 0.131576
0.748382 0.047591 -0.047895
0.865606 0.058739 0.152500
0.240096 0.099020 0.152500
0.969406 0.024949 0.133559
0.227886 0.008987 0.116631
0.126142 0.090779 0.064184
0.010000 0.076777 0.070329
0.711046 0.040986 0.055389
0.084080 0.066272 0.049765
0.884214 0.089430 0.101288
0.146443 0.036491 0.051092
0.332425 0.003685 0.097623
0.612563 -0.019329 0.152500
0.820482 0.032342 0.152500
0.450915 0.004684 0.097028
0.384269 0.106063 0.123907
0.053286 0.017223 0.152500
0.586274 -0.002010 0.125942
0.041514 0.031006 0.137778
0.010000 0.017987 0.124732
0.010000 0.075094 0.137701
0.010000 0.018572 0.102500
0.978666 0.018293 0.083166
0.350559 -0.061442 -0.142500
0.856881 -0.130998 0.152500
1.000000 -0.192500 0.078643
1.000000 -0.105473 0.083316
0.384932 0.091135 0.081701
0.593187 0.077120 0.074569
0.010000 0.044326 0.052357
0.703646 0.100391 0.097413
0.674337 0.003982 0.099391
0.783301 0.064723 0.058304
1.000000 0.056836 -0.016490
1.000000 0.023539 0.046441
0.811978 0.021203 0.134267
0.556250 0.020569 0.068808
0.075218 0.095919 0.128049
0.264375 0.017778 0.133004
0.881403 0.007477 0.088653
0.242865 0.042800 0.058336
0.147946 -0.001595 0.068748
0.768154 0.099163 0.090456
0.868388 0.064898 0.138458
0.321578 -0.006657 -0.056035
0.010000 0.052500 0.140144
0.010000 0.066872 0.126886
0.257337 0.202500 -0.142500
0.169303 0.202500 -0.019359
0.806616 0.004657 0.094876
0.657070 0.099312 0.152500
0.582366 0.066031 0.065025
0.424306 -0.001787 0.123793
0.438591 0.054818 0.058635
0.604923 0.016091 0.069969
0.768193 0.011867 0.152500
0.054109 0.016100 0.073512
0.334994 0.029245 0.058742
0.030331 0.085908 0.108401
0.882500 0.074619 0.057448
0.209149 0.084741 0.152500
0.973328 0.060435 0.152500
0.835903 -0.086897 0.085262
0.672037 0.036537 0.065846
0.417500 0.012316 0.077668
0.747041 0.016042 0.128866
0.764810 0.202500 -0.048497
1.000000 -0.014073 0.076795
1.000000 0.103724 -0.142500
0.529271 0.005182 0.086434
0.639927 0.089770 0.133983
0.719849 0.150367 0.026437
0.010000 0.069077 0.119077
0.010000 0.035923 0.119077
0.686880 0.064661 0.056995
0.446619 0.098117 0.101068
0.168240 0.011076 0.086737
0.701195 0.093024 0.131241
0.536010 0.042953 0.057749
1.000000 0.040000 0.132655
0.963919 0.041896 0.152500
0.975078 0.037609 0.137165
0.847123 0.088667 0.131486
0.519028 0.082229 -0.003755
0.897754 0.018144 0.152500
0.648444 0.088487 0.074226
0.235211 0.013483 0.078173
0.328528 0.135525 0.050851
0.525000 0.091175 0.092671
0.714550 0.075401 -0.002486
0.117835 0.014369 0.052133
0.351725 0.098248 0.109987
0.805943 0.093066 0.092780
0.504908 0.098635 -0.142500
0.744578 0.040103 0.152500
0.386170 0.017078 0.152500
0.550625 0.016647 0.131361
0.656263 0.031145 0.152500
0.085358 0.008742 0.129513
0.209331 0.097860 0.110003
0.741153 0.015242 0.108291
0.756571 0.003091 0.085873
0.338524 -0.051867 0.031190
0.970623 0.015681 0.111131
0.874566 0.016898 0.112019
0.413367 0.089965 0.133773
0.010000 0.094837 0.083177
0.266422 0.088954 0.135261
0.049453 0.059796 0.058638
0.120254 0.060929 0.058396
0.619817 0.001799 0.095791
0.669829 0.097571 0.113925
0.161543 0.074902 0.152500
0.287629 0.011602 0.110653
0.797638 0.019965 0.074528
0.780470 0.095718 0.152500
0.342354 0.066581 0.057174
0.942187 0.064115 0.058001
0.186184 0.088260 0.071667
0.174394 0.057762 0.056705
0.381411 0.202500 0.152500
0.029859 0.068186 0.134420
0.012212 0.072380 0.102334
0.301212 0.060901 0.062177
0.197288 0.016006 -0.013254
0.132702 0.091174 0.152500
0.698431 0.015936 0.090335
1.000000 0.095400 0.083614
1.000000 0.121362 0.071633
1.000000 0.160121 0.095872
0.882987 0.202500 0.092491
1.000000 0.087667 -0.076746
0.010000 0.067567 0.122866
0.212594 0.089257 0.130780
0.508689 0.040902 0.022554
0.244281 0.097307 0.096966
0.040306 0.087040 0.131244
0.722509 0.054726 0.152500
0.683406 0.042589 0.152500
0.631250 0.024503 0.136262
0.463551 0.069358 0.152500
0.010000 0.050667 0.133205
0.031603 0.045483 0.138286
0.973041 0.067101 0.137789
0.757037 0.046913 0.059371
0.574889 0.092539 0.113140
1.000000 0.066380 0.132516
0.903513 0.022814 0.068988
0.155308 0.003423 0.152500
0.300126 0.014335 0.079194
0.968758 0.045917 0.049099
0.036441 0.020141 0.116476
0.360956 0.079869 0.152500
0.010000 0.036392 0.062861
0.054375 0.036632 0.054794
0.838257 0.012748 0.089011
0.028921 0.068652 0.072806
0.319047 0.031607 0.152500
0.010000 0.025814 0.123037
1.000000 -0.032740 0.011819
1.000000 -0.093850 -0.142500
1.000000 -0.065268 -0.063212
0.797439 -0.027201 -0.142500
0.345747 -0.070679 0.152500
0.381024 0.202500 -0.142500
0.497274 0.202500 -0.049391
0.494053 0.091977 0.096137
0.171903 0.093341 0.111733
0.495243 -0.103591 -0.026683
0.155625 0.086693 0.134270
0.481461 0.055956 0.152500
0.588815 0.087419 0.130000
0.129499 0.022733 0.136776
1.000000 -0.011284 0.036634
0.382654 -0.045908 0.113306
0.236900 0.042772 0.152500
0.170898 0.013392 0.104016
0.177536 0.000914 0.127877
0.777096 -0.001697 0.002158
0.639450 0.064244 0.063532
0.646412 0.078325 0.030760
0.577972 0.010034 0.093327
0.944987 0.037047 0.063176
0.626067 0.035031 0.060111
0.472178 0.009247 0.121305
0.070863 0.008318 0.093112
0.081069 -0.021845 0.068774
0.110126 0.093332 0.104704
0.035400 0.028010 0.074179
0.300461 0.090244 0.087478
0.976512 0.083134 0.124338
0.808895 0.075278 0.066150
0.686250 0.011213 0.115231
0.968928 -0.002102 0.084297
0.010000 0.028587 0.116876
0.383856 0.024934 0.134564
0.965619 0.108515 0.077915
0.929403 0.147294 0.075165
0.944652 -0.018722 0.056295
0.891101 0.035392 0.152500
0.873659 0.029654 0.136349
1.000000 0.030566 0.073792
0.195585 -0.192500 0.052831
0.744714 0.085980 0.134452
0.148350 0.088225 0.087228
0.408018 0.018239 0.090336
0.485628 0.085734 0.131075
0.230935 0.068914 0.062934
0.909080 0.106579 0.152500
0.302040 0.023500 0.135575
0.525363 0.082502 0.132316
0.732389 0.092707 0.107035
0.143421 0.132288 -0.009743
0.572448 0.085735 0.023061
0.034778 0.091845 0.093366
0.942713 0.038252 0.019207
0.032247 0.022976 0.128852
0.918541 -0.072518 0.050921
0.918230 0.087251 0.133353
0.842048 -0.192500 0.041752
0.266610 0.051927 0.152500
0.359431 0.013352 0.102627
0.963469 0.092272 0.091621
0.133770 0.202500 0.152500
0.093501 0.202500 0.041870
0.547261 0.154951 0.152500
0.628785 0.202500 0.152500
0.549569 0.010340 0.109611
0.230754 0.028745 0.137590
0.116107 0.087936 0.127351
0.525000 0.074895 0.071563
0.579357 0.094017 0.083743
0.411523 0.096392 0.111793
0.839727 0.030697 0.136823
0.264375 0.041390 0.139355
0.111299 0.202500 0.094024
0.454291 0.025578 0.064454
0.836719 0.082505 0.076010
0.984396 0.083553 0.111142
1.000000 0.103257 0.108949
1.000000 0.101235 0.123334
1.000000 0.093726 0.102500
1.000000 0.052384 0.141632
0.745157 0.081697 0.069369
0.915225 0.090402 0.081819
0.808591 -0.028615 0.110217
0.010000 0.075512 0.116886
0.028781 0.080976 0.118131
0.010000 0.038114 0.125512
0.010000 0.034567 0.140464
0.026726 0.037251 0.132018
0.713580 0.071069 0.152500
0.671831 0.079672 0.152500
0.307282 0.132368 -0.021533
1.000000 0.068516 0.142849
0.731179 -0.070384 0.102315
0.010000 0.027472 0.088678
0.010000 0.010208 0.084872
0.033066 0.019089 0.085648
0.464347 0.031698 0.152500
0.151629 0.154737 0.061747
0.925018 0.093379 0.100978
0.010000 0.061691 -0.005919
0.010000 0.103773 -0.142500
0.010000 0.039352 -0.076731
0.142544 0.054330 -0.142500
0.010000 0.106227 -0.075662
1.000000 0.022515 0.090000
0.010000 -0.032680 0.117911
0.329234 0.011894 0.113646
0.355625 0.084755 0.073207
0.688966 -0.031777 0.096386
0.942943 0.009549 0.038164
0.891846 -0.003480 -0.012620
0.275152 0.029191 0.030304
0.650242 0.074221 0.138605
0.134521 0.011455 0.094013
1.000000 0.048353 0.136404
0.976388 0.049645 0.139575
0.716773 0.017206 0.111447
0.442515 0.159697 0.152500
0.319469 0.166512 0.152500
0.010000 0.048029 0.129378
0.355994 0.086436 0.132625
0.329400 0.093351 0.097168
0.376999 0.012369 0.078671
0.047088 0.004856 0.127569
1.000000 0.095429 0.115184
0.969895 0.097834 0.110173
0.953309 0.122224 0.103440
0.296588 -0.009793 -0.004360
1.000000 0.021501 0.096368
1.000000 0.011726 0.103001
0.979724 0.015863 0.098578
1.000000 0.017824 0.105005
0.414684 0.082706 0.072147
0.568871 0.009464 0.036036
0.587034 -0.050916 -0.004513
0.638458 -0.003546 -0.003046
0.639186 -0.100635 -0.142500
0.717715 -0.053782 -0.066324
0.417500 0.027821 0.070914
0.077386 0.000756 0.021279
0.770370 0.047210 0.152500
0.757018 0.042042 0.138221
0.010000 0.099923 0.063385
0.780011 0.076247 0.152500
0.159440 0.075279 0.063669
0.664190 0.042979 0.139649
0.211018 -0.192500 -0.046063
1.000000 -0.036309 0.093118
0.905720 0.072653 -0.011904
0.942176 0.008907 0.098774
0.010000 0.118461 0.037248
0.133842 -0.192500 0.152500
0.107596 -0.073803 0.152500
0.010000 -0.192500 0.078832
0.010000 -0.119129 0.023906
0.167730 -0.113760 0.083134
0.146263 0.062967 0.152500
0.148978 0.050702 0.139343
0.212500 0.030428 0.064602
0.398416 0.089631 0.094391
0.366298 0.114734 0.067479
0.880468 0.081926 0.130266
0.094349 0.028897 0.061981
0.740782 0.026165 0.064387
0.308621 -0.102187 -0.049180
0.187658 0.020198 0.132167
0.467434 -0.022989 0.152500
0.541820 0.061748 0.060380
0.010000 0.019089 0.085648
0.935198 -0.037431 0.117400
0.825710 0.072614 0.135671
0.925000 0.021562 0.134880
0.588839 0.030082 0.152500
0.485719 0.044601 0.139803
0.240982 0.083778 0.075192
0.281250 0.094517 0.111004
0.391014 0.027063 0.001070
0.662600 0.021792 0.127506
0.345615 0.025552 0.135343
0.340072 0.014356 0.082655
0.036778 0.086552 0.075706
0.010000 0.074253 0.129807
0.010000 0.092402 0.139268
0.010000 0.087917 0.128359
0.710129 0.042882 0.152500
0.095337 0.024816 0.134029
0.321641 -0.108790 0.082838
0.205014 0.046682 0.152500
0.966892 0.024414 0.054950
0.053198 -0.016023 0.104054
0.010000 -0.081674 0.102631
0.098028 -0.059783 0.103667
0.010000 0.032322 0.117755
0.846600 -0.192500 -0.056357
0.452334 0.027815 0.032057
0.693431 0.034674 0.138028
0.864983 -0.126331 -0.002576
0.548947 0.035623 0.152500
0.524603 0.031540 0.069377
0.664311 0.093293 0.093604
0.401862 0.046128 0.061351
0.701115 0.004453 0.048429
0.017369 0.079121 0.108269
0.824979 0.043623 0.063397
0.195000 0.015516 0.088516
0.785240 0.124265 -0.053615
0.058772 0.074412 0.066449
0.470661 0.124952 -0.067994
0.475575 0.015023 0.106531
0.979285 0.076966 0.133558
0.431813 0.022007 0.152500
0.772314 0.095179 0.115526
0.850826 0.010515 0.129590
0.488979 0.020886 0.073070
0.710692 -0.192500 0.079623
0.010000 0.072342 -0.048209
0.126960 0.069974 -0.078810
0.110526 -0.010844 0.087401
1.000000 -0.069849 0.080870
0.010000 0.153506 -0.008970
0.010000 0.202500 -0.068767
0.010000 0.014858 0.074266
0.208475 0.014835 0.106724
0.914509 0.062955 0.152500
0.462967 0.202500 0.109346
0.448060 0.202500 0.027346
0.424945 0.015704 -0.142500
0.162940 0.015667 0.055742
0.647561 0.075297 -0.142500
0.318156 0.077365 0.066600
0.060636 0.074579 0.135835
0.010000 0.011831 0.112421
0.628484 0.202500 -0.142500
0.631059 0.202500 -0.050224
0.532542 -0.192500 -0.049954
0.010000 0.011020 0.095285
0.036903 0.004203 0.090578
0.617784 -0.041068 0.107433
0.537484 -0.078410 0.105321
0.532541 -0.192500 0.029686
0.613655 -0.132496 0.061755
1.000000 0.028488 -0.087188
0.875173 0.025932 -0.142500
0.506638 -0.059377 -0.142500
0.828982 -0.113512 -0.142500
0.779274 0.057618 0.152500
0.010000 -0.093769 -0.142500
0.010000 -0.192500 -0.068732
0.168931 -0.127526 0.001219
0.109833 0.053335 0.152500
0.381416 -0.192500 -0.142500
0.156561 0.022542 0.127517
0.381144 -0.192500 0.152500
1.000000 -0.192500 -0.068748
0.696463 -0.192500 -0.071289
0.490469 0.005346 0.036401
0.506981 -0.041668 0.023164
0.876165 0.202500 -0.142500
0.319181 0.142504 -0.142500
0.319181 0.202500 -0.077047
0.133586 0.202500 -0.142500
0.568196 0.074682 -0.082898
0.442914 -0.192500 0.086801
0.628551 -0.192500 0.152500
0.443289 -0.125765 -0.142500
0.448177 -0.046785 -0.072643
0.854204 -0.089593 -0.070224
0.010000 -0.044441 -0.091732
0.167687 -0.044441 -0.142500
0.133841 -0.192500 -0.142500
0.150602 -0.118461 -0.142500
0.010000 -0.117140 -0.070825
0.353976 -0.192500 -0.068767
0.630241 -0.120317 -0.065473
1.000000 0.202500 -0.068777
0.170000 0.128898 -0.142500
0.195461 0.202500 -0.087853
0.395106 -0.042049 0.152500
0.380902 -0.028111 0.152500
0.358779 -0.017049 0.152500
0.330902 -0.009947 0.152500
0.300000 -0.007500 0.152500
0.269098 -0.009947 0.152500
0.241222 -0.017049 0.152500
0.219098 -0.028111 0.152500
0.204894 -0.042049 0.152500
0.200000 -0.057500 0.152500
0.204894 -0.072951 0.152500
0.219098 -0.086889 0.152500
0.241222 -0.097951 0.152500
0.269098 -0.105053 0.152500
0.300000 -0.107500 0.152500
0.330902 -0.105053 0.152500
0.358779 -0.097951 0.152500
0.380902 -0.086889 0.152500
0.395106 -0.072951 0.152500
0.400000 -0.057500 0.152500
