211 
0 
1 
2 
3 
4 
5 
6 
7 
8 
9 
10 
11 
12 
13 
14 
15 
16 
17 
18 
19 
20 
21 
22 
23 
24 
25 
26 
27 
28 
29 
30 
31 
32 
33 
34 
35 
36 
37 
38 
39 
40 
41 
42 
43 
44 
45 
46 
47 
48 
49 
50 
51 
52 
53 
54 
55 
464 
467 
468 
471 
481 
482 
483 
491 
500 
504 
506 
507 
510 
515 
523 
524 
525 
526 
527 
528 
529 
538 
539 
541 
543 
545 
546 
547 
548 
550 
551 
553 
554 
556 
557 
559 
560 
561 
564 
565 
566 
567 
568 
569 
572 
573 
576 
577 
579 
580 
581 
586 
590 
591 
633 
656 
657 
675 
681 
685 
688 
708 
709 
718 
719 
721 
732 
768 
776 
779 
781 
831 
834 
836 
837 
855 
876 
878 
889 
890 
896 
899 
900 
909 
911 
912 
937 
947 
949 
950 
951 
952 
960 
976 
977 
987 
989 
1003 
1004 
1037 
1039 
1052 
1053 
1063 
1067 
1072 
1073 
1082 
1084 
1085 
1087 
1089 
1119 
1125 
1145 
1147 
1177 
1178 
1179 
1180 
1181 
1187 
1188 
1189 
1193 
1194 
1195 
1197 
1199 
1213 
1217 
1236 
1244 
1247 
1248 
1262 
1274 
1275 
1276 
1277 
1283 
1284 
1286 
1296 
1309 
1313 
1314 
1315 
1325 
1329 
1330 
1340 
1341 
1361 
1365 
